x,y,wall_n,wall_e,wall_s,wall_w,empty,current,start,target
0,0,True,False,True,True,False,False,True,False
1,0,True,True,False,False,False,False,False,False
2,0,True,False,False,True,False,False,False,False
3,0,True,True,False,False,False,False,False,False
4,0,True,False,False,True,False,False,False,False
5,0,True,True,False,False,False,False,False,False
6,0,True,False,False,True,False,False,False,False
7,0,True,False,True,False,False,False,False,False
8,0,True,True,False,False,False,False,False,False
9,0,False,False,False,False,True,False,False,False
10,0,False,False,False,False,True,False,False,False
11,0,False,False,False,False,True,False,False,False
12,0,False,False,False,False,True,False,False,False
13,0,False,False,False,False,True,False,False,False
14,0,True,False,False,True,False,False,False,False
15,0,True,True,False,False,False,False,False,False
16,0,True,False,False,True,False,False,False,False
17,0,True,True,False,False,False,False,False,False
18,0,False,False,False,False,True,False,False,False
19,0,False,False,False,False,True,False,False,False
20,0,False,False,False,False,True,False,False,False
21,0,False,False,False,False,True,False,False,False
22,0,False,False,False,False,True,False,False,False
23,0,False,False,False,False,True,False,False,False
24,0,True,False,False,True,False,False,False,False
25,0,True,True,True,False,False,False,False,False
26,0,True,False,False,True,False,False,False,False
27,0,True,False,False,False,False,False,False,False
28,0,True,False,True,False,False,False,False,False
29,0,True,True,True,False,False,False,False,False
30,0,True,False,False,True,False,False,False,False
31,0,True,False,True,False,False,False,False,False
32,0,True,False,True,False,False,False,False,False
33,0,True,True,False,False,False,False,False,False
34,0,False,False,False,False,True,False,False,False
35,0,False,False,False,False,True,False,False,False
36,0,False,False,False,False,True,False,False,False
37,0,False,False,False,False,True,False,False,False
38,0,False,False,False,False,True,False,False,False
39,0,True,False,False,True,False,False,False,False
40,0,True,True,False,False,False,False,False,False
41,0,False,False,False,False,True,False,False,False
42,0,False,False,False,False,True,False,False,False
43,0,False,False,False,False,True,False,False,False
44,0,False,False,False,False,True,False,False,False
45,0,False,False,False,False,True,False,False,False
46,0,False,False,False,False,True,False,False,False
47,0,False,False,False,False,True,False,False,False
48,0,False,False,False,False,True,False,False,False
49,0,False,False,False,False,True,False,False,False
0,1,True,False,False,True,False,False,False,False
1,1,False,True,True,False,False,False,False,False
2,1,False,True,False,True,False,False,False,False
3,1,False,False,True,True,False,False,False,False
4,1,False,True,True,False,False,False,False,False
5,1,False,False,True,True,False,False,False,False
6,1,False,True,True,False,False,False,False,False
7,1,True,False,False,True,False,False,False,False
8,1,False,True,True,False,False,False,False,False
9,1,False,False,False,False,True,False,False,False
10,1,False,False,False,False,True,False,False,False
11,1,False,False,False,False,True,False,False,False
12,1,False,False,False,False,True,False,False,False
13,1,False,False,False,False,True,False,False,False
14,1,False,True,False,True,False,False,False,False
15,1,False,False,True,True,False,False,False,False
16,1,False,True,True,False,False,False,False,False
17,1,False,True,False,True,False,False,False,False
18,1,False,False,False,False,True,False,False,False
19,1,False,False,False,False,True,False,False,False
20,1,False,False,False,False,True,False,False,False
21,1,False,False,False,False,True,False,False,False
22,1,False,False,False,False,True,False,False,False
23,1,False,False,False,False,True,False,False,False
24,1,False,False,True,True,False,False,False,False
25,1,True,False,True,False,False,False,False,False
26,1,False,True,True,False,False,False,False,False
27,1,False,False,True,True,False,False,False,False
28,1,True,False,False,False,False,False,False,False
29,1,True,False,True,False,False,False,False,False
30,1,False,True,True,False,False,False,False,False
31,1,True,False,False,True,False,False,False,False
32,1,True,True,True,False,False,False,False,False
33,1,False,True,False,True,False,False,False,False
34,1,False,False,False,False,True,False,False,False
35,1,False,False,False,False,True,False,False,False
36,1,False,False,False,False,True,False,False,False
37,1,False,False,False,False,True,False,False,False
38,1,True,False,False,True,False,False,False,False
39,1,False,True,True,False,False,False,False,False
40,1,False,True,False,True,False,False,False,False
41,1,False,False,False,False,True,False,False,False
42,1,True,False,False,True,False,False,False,False
43,1,True,True,False,False,False,False,False,False
44,1,True,False,False,True,False,False,False,False
45,1,True,False,True,False,False,False,False,False
46,1,True,False,True,False,False,False,False,False
47,1,True,False,True,False,False,False,False,False
48,1,True,True,False,False,False,False,False,False
49,1,False,False,False,False,True,False,False,False
0,2,False,True,False,True,False,False,False,False
1,2,False,False,False,False,True,False,False,False
2,2,False,True,False,True,False,False,False,False
3,2,False,False,False,False,True,False,False,False
4,2,True,False,False,True,False,False,False,False
5,2,True,True,False,False,False,False,False,False
6,2,False,False,False,False,True,False,False,False
7,2,False,False,True,True,False,False,False,False
8,2,True,False,True,False,False,False,False,False
9,2,True,False,True,False,False,False,False,False
10,2,True,False,True,False,False,False,False,False
11,2,True,False,True,False,False,False,False,False
12,2,True,False,True,False,False,False,False,False
13,2,True,True,False,False,False,False,False,False
14,2,False,True,False,True,False,False,False,False
15,2,False,False,False,False,True,False,False,False
16,2,True,False,False,True,False,False,False,False
17,2,False,False,True,False,False,False,False,False
18,2,True,False,True,False,False,False,False,False
19,2,True,True,False,False,False,False,False,False
20,2,True,False,False,True,False,False,False,False
21,2,True,False,True,False,False,False,False,False
22,2,True,False,True,False,False,False,False,False
23,2,True,False,True,False,False,False,False,False
24,2,True,False,True,False,False,False,False,False
25,2,True,True,False,False,False,False,False,False
26,2,True,False,False,True,False,False,False,False
27,2,True,True,False,False,False,False,False,False
28,2,False,False,True,True,False,False,False,False
29,2,True,False,True,False,False,False,False,False
30,2,True,True,True,False,False,False,False,False
31,2,False,False,False,True,False,False,False,False
32,2,True,True,False,False,False,False,False,False
33,2,False,True,False,True,False,False,False,False
34,2,True,False,False,True,False,False,False,False
35,2,True,False,True,False,False,False,False,False
36,2,True,True,False,False,False,False,False,False
37,2,False,False,False,False,True,False,False,False
38,2,False,False,False,True,False,False,False,False
39,2,True,True,False,False,False,False,False,False
40,2,False,False,True,True,False,False,False,False
41,2,True,True,False,False,False,False,False,False
42,2,False,True,False,True,False,False,False,False
43,2,False,False,True,True,False,False,False,False
44,2,False,True,True,False,False,False,False,False
45,2,True,True,False,True,False,False,False,False
46,2,True,False,False,True,False,False,False,False
47,2,True,True,False,False,False,False,False,False
48,2,False,True,False,True,False,False,False,False
49,2,False,False,False,False,True,False,False,False
0,3,False,True,False,True,False,False,False,False
1,3,False,False,False,False,True,False,False,False
2,3,False,True,False,True,False,False,False,False
3,3,False,False,False,False,True,False,False,False
4,3,False,True,False,True,False,False,False,False
5,3,False,False,True,True,False,False,False,False
6,3,True,False,True,False,False,False,False,False
7,3,True,False,True,False,False,False,False,False
8,3,True,True,False,False,False,False,False,False
9,3,True,False,False,True,False,False,False,False
10,3,True,False,True,False,False,False,False,False
11,3,True,False,True,False,False,False,False,False
12,3,True,True,False,False,False,False,False,False
13,3,False,False,True,True,False,False,False,False
14,3,False,True,True,False,False,False,False,False
15,3,False,False,False,False,True,False,False,False
16,3,False,True,False,True,False,False,False,False
17,3,True,True,False,True,False,False,False,False
18,3,True,False,False,True,False,False,False,False
19,3,False,True,True,False,False,False,False,False
20,3,False,False,True,True,False,False,False,False
21,3,True,True,False,False,False,False,False,False
22,3,True,False,True,True,False,False,False,False
23,3,True,False,True,False,False,False,False,False
24,3,True,False,True,False,False,False,False,False
25,3,False,True,True,False,False,False,False,False
26,3,False,True,False,True,False,False,False,False
27,3,False,True,False,True,False,False,False,False
28,3,False,False,False,False,True,False,False,False
29,3,True,False,False,True,False,False,False,False
30,3,True,False,False,False,False,False,False,False
31,3,False,True,True,False,False,False,False,False
32,3,False,False,False,True,False,False,False,False
33,3,False,True,True,False,False,False,False,False
34,3,False,True,False,True,False,False,False,False
35,3,True,False,False,True,False,False,False,False
36,3,False,False,True,False,False,False,False,False
37,3,True,True,False,False,False,False,False,False
38,3,False,True,True,True,False,False,False,False
39,3,False,False,True,True,False,False,False,False
40,3,True,True,False,False,False,False,False,False
41,3,False,True,True,True,False,False,False,False
42,3,False,False,True,True,False,False,False,False
43,3,True,True,False,False,False,False,False,False
44,3,True,False,False,True,False,False,False,False
45,3,False,True,False,False,False,False,False,False
46,3,False,True,False,True,False,False,False,False
47,3,False,True,False,True,False,False,False,False
48,3,False,True,False,True,False,False,False,False
49,3,False,False,False,False,True,False,False,False
0,4,False,False,True,True,False,False,False,False
1,4,True,True,False,False,False,False,False,False
2,4,False,False,True,True,False,False,False,False
3,4,True,True,False,False,False,False,False,False
4,4,False,False,True,True,False,False,False,False
5,4,True,True,False,False,False,False,False,False
6,4,False,False,False,False,True,False,False,False
7,4,False,False,False,False,True,False,False,False
8,4,False,False,True,True,False,False,False,False
9,4,False,True,True,False,False,False,False,False
10,4,False,False,False,False,True,False,False,False
11,4,True,False,False,True,False,False,False,False
12,4,False,True,True,False,False,False,False,False
13,4,True,False,False,True,False,False,False,False
14,4,True,False,True,False,False,False,False,False
15,4,True,True,False,False,False,False,False,False
16,4,False,True,False,True,False,False,False,False
17,4,False,True,False,True,False,False,False,False
18,4,False,False,True,True,False,False,False,False
19,4,True,False,True,False,False,False,False,False
20,4,True,False,True,False,False,False,False,False
21,4,False,True,False,False,False,False,False,False
22,4,True,False,False,True,False,False,False,False
23,4,True,True,False,False,False,False,False,False
24,4,False,False,False,False,True,False,False,False
25,4,True,False,False,True,False,False,False,False
26,4,False,True,True,False,False,False,False,False
27,4,False,False,True,True,False,False,False,False
28,4,True,False,True,False,False,False,False,False
29,4,False,True,True,False,False,False,False,False
30,4,False,True,False,True,False,False,False,False
31,4,True,True,False,True,False,False,False,False
32,4,False,True,False,True,False,False,False,False
33,4,True,False,False,True,False,False,False,False
34,4,False,True,True,False,False,False,False,False
35,4,False,True,False,True,False,False,False,False
36,4,True,False,True,True,False,False,False,False
37,4,False,False,True,False,False,False,False,False
38,4,True,False,True,False,False,False,False,False
39,4,True,True,False,False,False,False,False,False
40,4,False,True,False,True,False,False,False,False
41,4,True,False,False,True,False,False,False,False
42,4,True,True,False,False,False,False,False,False
43,4,False,False,True,True,False,False,False,False
44,4,False,True,False,False,False,False,False,False
45,4,False,True,True,True,False,False,False,False
46,4,False,True,False,True,False,False,False,False
47,4,False,True,False,True,False,False,False,False
48,4,False,False,True,True,False,False,False,False
49,4,True,True,False,False,False,False,False,False
0,5,True,False,False,True,False,False,False,False
1,5,False,True,True,False,False,False,False,False
2,5,False,False,False,False,True,False,False,False
3,5,False,False,True,True,False,False,False,False
4,5,True,False,True,False,False,False,False,False
5,5,False,True,True,False,False,False,False,False
6,5,False,False,False,False,True,False,False,False
7,5,False,False,False,False,True,False,False,False
8,5,False,False,False,False,True,False,False,False
9,5,False,False,False,False,True,False,False,False
10,5,False,False,False,False,True,False,False,False
11,5,False,False,True,True,False,False,False,False
12,5,True,True,False,False,False,False,False,False
13,5,False,True,False,True,False,False,False,False
14,5,False,False,False,False,True,False,False,False
15,5,False,True,False,True,False,False,False,False
16,5,False,False,True,True,False,False,False,False
17,5,False,False,True,False,False,False,False,False
18,5,True,False,True,False,False,False,False,False
19,5,True,True,False,False,False,False,False,False
20,5,False,False,False,False,True,False,False,False
21,5,False,False,True,True,False,False,False,False
22,5,False,True,True,False,False,False,False,False
23,5,False,False,True,True,False,False,False,False
24,5,True,True,False,False,False,False,False,False
25,5,False,False,True,True,False,False,False,False
26,5,True,True,False,False,False,False,False,False
27,5,True,False,False,True,False,False,False,False
28,5,True,False,True,False,False,False,False,False
29,5,True,True,True,False,False,False,False,False
30,5,False,True,False,True,False,False,False,False
31,5,False,False,True,True,False,False,False,False
32,5,False,True,True,False,False,False,False,False
33,5,False,True,False,True,False,False,False,False
34,5,True,True,False,True,False,False,False,False
35,5,False,True,False,True,False,False,False,False
36,5,True,False,False,True,False,False,False,False
37,5,True,True,True,False,False,False,False,False
38,5,True,False,False,True,False,False,False,False
39,5,False,True,True,False,False,False,False,False
40,5,False,False,True,True,False,False,False,False
41,5,False,True,True,False,False,False,False,False
42,5,False,False,False,True,False,False,False,False
43,5,True,True,False,False,False,False,False,False
44,5,False,False,True,True,False,False,False,False
45,5,True,False,True,False,False,False,False,False
46,5,False,True,True,False,False,False,False,False
47,5,False,True,False,True,False,False,False,False
48,5,True,False,False,True,False,False,False,False
49,5,False,True,True,False,False,False,False,False
0,6,False,True,False,True,False,False,False,False
1,6,True,False,False,True,False,False,False,False
2,6,True,False,True,False,False,False,False,False
3,6,True,False,True,False,False,False,False,False
4,6,True,False,True,False,False,False,False,False
5,6,True,True,False,False,False,False,False,False
6,6,False,False,False,False,True,False,False,False
7,6,False,False,False,False,True,False,False,False
8,6,False,False,False,False,True,False,False,False
9,6,False,False,False,False,True,False,False,False
10,6,False,False,False,False,True,False,False,False
11,6,True,False,False,True,False,False,False,False
12,6,False,True,True,False,False,False,False,False
13,6,False,True,False,True,False,False,False,False
14,6,False,False,False,False,True,False,False,False
15,6,False,False,True,True,False,False,False,False
16,6,True,True,True,False,False,False,False,False
17,6,True,False,False,True,False,False,False,False
18,6,True,True,False,False,False,False,False,False
19,6,False,False,True,True,False,False,False,False
20,6,True,True,False,False,False,False,False,False
21,6,False,False,False,False,True,False,False,False
22,6,False,False,False,False,True,False,False,False
23,6,False,False,False,False,True,False,False,False
24,6,False,True,False,True,False,False,False,False
25,6,False,False,False,False,True,False,False,False
26,6,False,True,False,True,False,False,False,False
27,6,False,False,True,True,False,False,False,False
28,6,True,False,True,False,False,False,False,False
29,6,True,True,False,False,False,False,False,False
30,6,False,False,False,True,False,False,False,False
31,6,True,False,True,False,False,False,False,False
32,6,True,False,True,False,False,False,False,False
33,6,False,True,True,False,False,False,False,False
34,6,False,False,False,True,False,False,False,False
35,6,False,True,True,False,False,False,False,False
36,6,False,False,True,True,False,False,False,False
37,6,True,True,False,False,False,False,False,False
38,6,False,True,False,True,False,False,False,False
39,6,True,True,False,True,False,False,False,False
40,6,True,False,False,True,False,False,False,False
41,6,True,True,False,False,False,False,False,False
42,6,False,True,False,True,False,False,False,False
43,6,False,True,True,True,False,False,False,False
44,6,True,False,False,True,False,False,False,False
45,6,True,False,True,False,False,False,False,False
46,6,True,False,True,False,False,False,False,False
47,6,False,True,True,False,False,False,False,False
48,6,False,False,True,True,False,False,False,False
49,6,True,True,False,False,False,False,False,False
0,7,False,False,True,True,False,False,False,False
1,7,False,True,True,False,False,False,False,False
2,7,False,False,False,False,True,False,False,False
3,7,False,False,False,False,True,False,False,False
4,7,False,False,False,False,True,False,False,False
5,7,False,False,True,True,False,False,False,False
6,7,True,True,False,False,False,False,False,False
7,7,False,False,False,False,True,False,False,False
8,7,False,False,False,False,True,False,False,False
9,7,False,False,False,False,True,False,False,False
10,7,False,False,False,False,True,False,False,False
11,7,False,True,False,True,False,False,False,False
12,7,True,False,False,True,False,False,False,False
13,7,False,True,True,False,False,False,False,False
14,7,False,False,False,False,True,False,False,False
15,7,True,False,False,True,False,False,False,False
16,7,True,True,False,False,False,False,False,False
17,7,False,True,False,True,False,False,False,False
18,7,False,False,True,True,False,False,False,False
19,7,True,True,False,False,False,False,False,False
20,7,False,False,True,True,False,False,False,False
21,7,True,True,False,False,False,False,False,False
22,7,True,False,False,True,False,False,False,False
23,7,True,False,True,False,False,False,False,False
24,7,False,True,True,False,False,False,False,False
25,7,False,False,False,False,True,False,False,False
26,7,False,True,False,True,False,False,False,False
27,7,True,False,False,True,False,False,False,False
28,7,True,False,True,False,False,False,False,False
29,7,False,True,True,False,False,False,False,False
30,7,False,True,False,True,False,False,False,False
31,7,True,False,False,True,False,False,False,False
32,7,True,False,True,False,False,False,False,False
33,7,True,False,True,False,False,False,False,False
34,7,False,True,True,False,False,False,False,False
35,7,True,False,False,True,False,False,False,False
36,7,True,True,False,False,False,False,False,False
37,7,False,False,True,True,False,False,False,False
38,7,False,True,True,False,False,False,False,False
39,7,False,False,True,True,False,False,False,False
40,7,False,True,False,False,False,False,False,False
41,7,False,True,False,True,False,False,False,False
42,7,False,True,False,True,False,False,False,False
43,7,True,False,False,True,False,False,False,False
44,7,False,True,True,False,False,False,False,False
45,7,True,False,False,True,False,False,False,False
46,7,True,False,True,False,False,False,False,False
47,7,True,True,False,False,False,False,False,False
48,7,True,False,False,True,False,False,False,False
49,7,False,True,True,False,False,False,False,False
0,8,True,False,False,True,False,False,False,False
1,8,True,True,False,False,False,False,False,False
2,8,False,False,False,False,True,False,False,False
3,8,False,False,False,False,True,False,False,False
4,8,False,False,False,False,True,False,False,False
5,8,False,False,False,False,True,False,False,False
6,8,False,True,False,True,False,False,False,False
7,8,True,False,False,True,False,False,False,False
8,8,True,False,True,False,False,False,False,False
9,8,True,False,True,False,False,False,False,False
10,8,True,False,True,False,False,False,False,False
11,8,False,True,True,False,False,False,False,False
12,8,False,False,True,True,False,False,False,False
13,8,True,False,True,False,False,False,False,False
14,8,True,False,True,False,False,False,False,False
15,8,False,True,True,False,False,False,False,False
16,8,False,False,True,True,False,False,False,False
17,8,False,True,False,False,False,False,False,False
18,8,True,True,False,True,False,False,False,False
19,8,False,False,True,True,False,False,False,False
20,8,True,False,True,False,False,False,False,False
21,8,False,True,True,False,False,False,False,False
22,8,False,False,True,True,False,False,False,False
23,8,True,True,False,False,False,False,False,False
24,8,False,False,False,False,True,False,False,False
25,8,True,False,False,True,False,False,False,False
26,8,False,True,True,False,False,False,False,False
27,8,False,True,False,True,False,False,False,False
28,8,False,False,False,False,True,False,False,False
29,8,True,False,False,True,False,False,False,False
30,8,False,True,True,False,False,False,False,False
31,8,False,False,True,True,False,False,False,False
32,8,True,True,False,False,False,False,False,False
33,8,True,False,False,True,False,False,False,False
34,8,True,False,True,False,False,False,False,False
35,8,False,True,True,False,False,False,False,False
36,8,False,True,False,True,False,False,False,False
37,8,True,False,False,True,False,False,False,False
38,8,True,False,True,False,False,False,False,False
39,8,True,False,True,False,False,False,False,False
40,8,False,True,True,False,False,False,False,False
41,8,False,False,True,True,False,False,False,False
42,8,False,False,True,False,False,False,False,False
43,8,False,True,True,False,False,False,False,False
44,8,False,False,False,False,True,False,False,False
45,8,False,True,False,True,False,False,False,False
46,8,True,False,False,True,False,False,False,False
47,8,False,True,True,False,False,False,False,False
48,8,False,False,True,True,False,False,False,False
49,8,True,True,False,False,False,False,False,False
0,9,False,True,False,True,False,False,False,False
1,9,False,True,False,True,False,False,False,False
2,9,False,False,False,False,True,False,False,False
3,9,False,False,False,False,True,False,False,False
4,9,True,False,False,True,False,False,False,False
5,9,True,False,True,False,False,False,False,False
6,9,False,True,True,False,False,False,False,False
7,9,False,False,True,True,False,False,False,False
8,9,True,False,True,False,False,False,False,False
9,9,True,True,False,False,False,False,False,False
10,9,False,False,False,False,True,False,False,False
11,9,False,False,False,False,True,False,False,False
12,9,True,False,False,True,False,False,False,False
13,9,True,False,True,False,False,False,False,False
14,9,True,True,False,False,False,False,False,False
15,9,False,False,False,False,True,False,False,False
16,9,False,False,False,False,True,False,False,False
17,9,False,False,True,True,False,False,False,False
18,9,False,True,True,False,False,False,False,False
19,9,False,False,False,False,True,False,False,False
20,9,False,False,False,False,True,False,False,False
21,9,False,False,False,False,True,False,False,False
22,9,False,False,False,False,True,False,False,False
23,9,False,True,False,True,False,False,False,False
24,9,False,False,False,False,True,False,False,False
25,9,False,True,False,True,False,False,False,False
26,9,True,False,False,True,False,False,False,False
27,9,False,True,True,False,False,False,False,False
28,9,False,False,False,False,True,False,False,False
29,9,False,False,True,True,False,False,False,False
30,9,True,True,False,False,False,False,False,False
31,9,True,True,False,True,False,False,False,False
32,9,False,True,False,True,False,False,False,False
33,9,False,False,True,True,False,False,False,False
34,9,True,False,True,False,False,False,False,False
35,9,True,True,True,False,False,False,False,False
36,9,False,False,True,True,False,False,False,False
37,9,False,True,True,False,False,False,False,False
38,9,True,False,False,True,False,False,False,False
39,9,True,True,False,False,False,False,False,False
40,9,True,False,True,True,False,False,False,False
41,9,True,True,False,False,False,False,False,False
42,9,True,False,False,True,False,False,False,False
43,9,True,False,True,False,False,False,False,False
44,9,True,True,False,False,False,False,False,False
45,9,False,True,True,True,False,False,False,False
46,9,False,False,False,True,False,False,False,False
47,9,True,True,False,False,False,False,False,False
48,9,True,False,False,True,False,False,False,False
49,9,False,True,True,False,False,False,False,False
0,10,False,True,False,True,False,False,False,False
1,10,False,False,True,True,False,False,False,False
2,10,True,False,True,False,False,False,False,False
3,10,True,False,True,False,False,False,False,False
4,10,False,True,True,False,False,False,False,False
5,10,False,False,False,False,True,False,False,False
6,10,False,False,False,False,True,False,False,False
7,10,False,False,False,False,True,False,False,False
8,10,False,False,False,False,True,False,False,False
9,10,False,False,True,True,False,False,False,False
10,10,True,False,True,False,False,False,False,False
11,10,True,True,False,False,False,False,False,False
12,10,False,False,True,True,False,False,False,False
13,10,True,True,False,False,False,False,False,False
14,10,False,True,False,True,False,False,False,False
15,10,False,False,False,False,True,False,False,False
16,10,True,False,False,True,False,False,False,False
17,10,True,True,False,False,False,False,False,False
18,10,False,False,False,False,True,False,False,False
19,10,True,False,False,True,False,False,False,False
20,10,True,True,False,False,False,False,False,False
21,10,False,False,False,False,True,False,False,False
22,10,False,False,False,False,True,False,False,False
23,10,False,True,False,True,False,False,False,False
24,10,False,False,False,False,True,False,False,False
25,10,False,False,True,True,False,False,False,False
26,10,False,True,True,False,False,False,False,False
27,10,True,False,True,True,False,False,False,False
28,10,True,False,True,False,False,False,False,False
29,10,True,False,True,False,False,False,False,False
30,10,False,True,True,False,False,False,False,False
31,10,False,False,False,True,False,False,False,False
32,10,False,True,True,False,False,False,False,False
33,10,True,False,False,True,False,False,False,False
34,10,True,False,True,False,False,False,False,False
35,10,True,False,True,False,False,False,False,False
36,10,True,True,False,False,False,False,False,False
37,10,True,False,False,True,False,False,False,False
38,10,False,True,True,False,False,False,False,False
39,10,False,False,True,True,False,False,False,False
40,10,True,False,True,False,False,False,False,False
41,10,False,False,True,False,False,False,False,False
42,10,False,True,False,False,False,False,False,False
43,10,True,False,True,True,False,False,False,False
44,10,False,True,True,False,False,False,False,False
45,10,True,False,False,True,False,False,False,False
46,10,False,True,True,False,False,False,False,False
47,10,False,True,False,True,False,False,False,False
48,10,False,False,True,True,False,False,False,False
49,10,True,True,False,False,False,False,False,False
0,11,False,False,True,True,False,False,False,False
1,11,True,True,False,False,False,False,False,False
2,11,False,False,False,False,True,False,False,False
3,11,False,False,False,False,True,False,False,False
4,11,False,False,False,False,True,False,False,False
5,11,False,False,False,False,True,False,False,False
6,11,False,False,False,False,True,False,False,False
7,11,False,False,False,False,True,False,False,False
8,11,False,False,False,False,True,False,False,False
9,11,False,False,False,False,True,False,False,False
10,11,False,False,False,False,True,False,False,False
11,11,False,False,True,True,False,False,False,False
12,11,True,False,True,False,False,False,False,False
13,11,False,True,True,False,False,False,False,False
14,11,False,True,False,True,False,False,False,False
15,11,False,False,False,False,True,False,False,False
16,11,False,True,False,True,False,False,False,False
17,11,False,True,False,True,False,False,False,False
18,11,False,False,False,False,True,False,False,False
19,11,False,True,False,True,False,False,False,False
20,11,False,True,False,True,False,False,False,False
21,11,False,False,False,False,True,False,False,False
22,11,False,False,False,False,True,False,False,False
23,11,False,True,False,True,False,False,False,False
24,11,True,False,False,True,False,False,False,False
25,11,True,False,True,False,False,False,False,False
26,11,True,False,True,False,False,False,False,False
27,11,True,False,True,False,False,False,False,False
28,11,True,False,True,False,False,False,False,False
29,11,True,False,True,False,False,False,False,False
30,11,True,False,True,False,False,False,False,False
31,11,False,True,True,False,False,False,False,False
32,11,True,False,True,True,False,False,False,False
33,11,False,True,True,False,False,False,False,False
34,11,True,False,False,True,False,False,False,False
35,11,True,True,False,False,False,False,False,False
36,11,False,True,False,True,False,False,False,False
37,11,False,True,False,True,False,False,False,False
38,11,True,False,False,True,False,False,False,False
39,11,True,True,True,False,False,False,False,False
40,11,True,False,False,True,False,False,False,False
41,11,True,True,False,False,False,False,False,False
42,11,False,False,True,True,False,False,False,False
43,11,True,False,False,False,False,False,False,False
44,11,True,False,True,False,False,False,False,False
45,11,False,True,True,False,False,False,False,False
46,11,True,True,False,True,False,False,False,False
47,11,False,True,False,True,False,False,False,False
48,11,True,False,False,True,False,False,False,False
49,11,False,True,True,False,False,False,False,False
0,12,True,True,False,True,False,False,False,False
1,12,False,True,False,True,False,False,False,False
2,12,False,False,False,False,True,False,False,False
3,12,False,False,False,False,True,False,False,False
4,12,False,False,False,False,True,False,False,False
5,12,False,False,False,False,True,False,False,False
6,12,False,False,False,False,True,False,False,False
7,12,False,False,False,False,True,False,False,False
8,12,False,False,False,False,True,False,False,False
9,12,False,False,False,False,True,False,False,False
10,12,False,False,False,False,True,False,False,False
11,12,False,False,False,False,True,False,False,False
12,12,False,False,False,False,True,False,False,False
13,12,False,False,False,False,True,False,False,False
14,12,False,True,False,True,False,False,False,False
15,12,False,False,False,False,True,False,False,False
16,12,False,True,False,True,False,False,False,False
17,12,False,False,True,True,False,False,False,False
18,12,True,True,False,False,False,False,False,False
19,12,False,True,False,True,False,False,False,False
20,12,False,True,False,True,False,False,False,False
21,12,False,False,False,False,True,False,False,False
22,12,False,False,False,False,True,False,False,False
23,12,False,True,False,True,False,False,False,False
24,12,False,False,True,True,False,False,False,False
25,12,True,False,True,False,False,False,False,False
26,12,True,False,False,False,False,False,False,False
27,12,True,False,False,False,False,False,False,False
28,12,True,False,True,False,False,False,False,False
29,12,True,False,True,False,False,False,False,False
30,12,True,False,True,False,False,False,False,False
31,12,True,False,True,False,False,False,False,False
32,12,True,False,True,False,False,False,False,False
33,12,True,False,True,False,False,False,False,False
34,12,False,True,False,False,False,False,False,False
35,12,False,False,True,True,False,False,False,False
36,12,False,True,True,False,False,False,False,False
37,12,False,True,True,True,False,False,False,False
38,12,False,False,False,True,False,False,False,False
39,12,True,False,True,False,False,False,False,False
40,12,False,True,True,False,False,False,False,False
41,12,False,True,False,True,False,False,False,False
42,12,True,False,False,True,False,False,False,False
43,12,False,False,True,False,False,False,False,False
44,12,True,False,True,False,False,False,False,False
45,12,True,True,False,False,False,False,False,False
46,12,False,True,False,True,False,False,False,False
47,12,False,True,False,True,False,False,False,False
48,12,False,False,True,True,False,False,False,False
49,12,True,True,False,False,False,False,False,False
0,13,False,False,False,True,False,False,False,False
1,13,False,True,True,False,False,False,False,False
2,13,False,False,False,False,True,False,False,False
3,13,False,False,False,False,True,False,False,False
4,13,False,False,False,False,True,False,False,False
5,13,False,False,False,False,True,False,False,False
6,13,False,False,False,False,True,False,False,False
7,13,False,False,False,False,True,False,False,False
8,13,False,False,False,False,True,False,False,False
9,13,False,False,False,False,True,False,False,False
10,13,False,False,False,False,True,False,False,False
11,13,False,False,False,False,True,False,False,False
12,13,True,False,False,True,False,False,False,False
13,13,True,True,False,False,False,False,False,False
14,13,False,True,False,True,False,False,False,False
15,13,False,False,False,False,True,False,False,False
16,13,False,True,False,True,False,False,False,False
17,13,False,False,False,False,True,False,False,False
18,13,False,True,False,True,False,False,False,False
19,13,False,True,False,True,False,False,False,False
20,13,False,False,True,True,False,False,False,False
21,13,True,False,True,False,False,False,False,False
22,13,True,True,False,False,False,False,False,False
23,13,False,True,False,True,False,False,False,False
24,13,True,False,False,True,False,False,False,False
25,13,True,True,False,False,False,False,False,False
26,13,False,True,False,True,False,False,False,False
27,13,False,False,True,True,False,False,False,False
28,13,True,False,True,False,False,False,False,False
29,13,True,False,True,False,False,False,False,False
30,13,True,False,True,False,False,False,False,False
31,13,True,False,True,False,False,False,False,False
32,13,True,False,False,False,False,False,False,False
33,13,True,True,False,False,False,False,False,False
34,13,False,True,True,True,False,False,False,False
35,13,True,False,False,True,False,False,False,False
36,13,True,False,False,False,False,False,False,False
37,13,True,False,True,False,False,False,False,False
38,13,False,True,True,False,False,False,False,False
39,13,True,False,False,True,False,False,False,False
40,13,True,False,True,False,False,False,False,False
41,13,False,True,True,False,False,False,False,False
42,13,False,True,True,True,False,False,False,False
43,13,True,False,False,True,False,False,False,False
44,13,True,False,True,False,False,False,False,False
45,13,False,True,True,False,False,False,False,False
46,13,False,True,False,True,False,False,False,False
47,13,False,True,False,True,False,False,False,False
48,13,True,False,False,True,False,False,False,False
49,13,False,True,True,False,False,False,False,False
0,14,False,True,False,True,False,False,False,False
1,14,False,False,False,False,True,False,False,False
2,14,False,False,False,False,True,False,False,False
3,14,False,False,False,False,True,False,False,False
4,14,False,False,False,False,True,False,False,False
5,14,False,False,False,False,True,False,False,False
6,14,False,False,False,False,True,False,False,False
7,14,False,False,False,False,True,False,False,False
8,14,False,False,False,False,True,False,False,False
9,14,False,False,False,False,True,False,False,False
10,14,False,False,False,False,True,False,False,False
11,14,True,False,False,True,False,False,False,False
12,14,False,True,True,False,False,False,False,False
13,14,False,False,True,True,False,False,False,False
14,14,False,True,True,False,False,False,False,False
15,14,False,False,False,False,True,False,False,False
16,14,False,True,False,True,False,False,False,False
17,14,False,False,False,False,True,False,False,False
18,14,False,False,True,True,False,False,False,False
19,14,False,True,True,False,False,False,False,False
20,14,True,False,True,True,False,False,False,False
21,14,True,True,False,False,False,False,False,False
22,14,False,True,False,True,False,False,False,False
23,14,False,False,False,True,False,False,False,False
24,14,False,True,True,False,False,False,False,False
25,14,False,False,True,True,False,False,False,False
26,14,False,True,True,False,False,False,False,False
27,14,True,False,False,True,False,False,False,False
28,14,True,True,False,False,False,False,False,False
29,14,False,False,False,False,True,False,False,False
30,14,False,False,False,False,True,False,False,False
31,14,False,False,False,False,True,False,False,False
32,14,False,True,False,True,False,False,False,False
33,14,False,False,True,True,False,False,False,False
34,14,True,False,True,False,False,False,False,False
35,14,False,True,True,False,False,False,False,False
36,14,False,False,False,True,False,False,False,False
37,14,True,False,True,False,False,False,False,False
38,14,True,True,False,False,False,False,False,False
39,14,False,True,False,True,False,False,False,False
40,14,True,False,False,True,False,False,False,False
41,14,True,False,True,False,False,False,False,False
42,14,True,True,False,False,False,False,False,False
43,14,False,False,True,True,False,False,False,False
44,14,True,False,True,False,False,False,False,False
45,14,True,False,True,False,False,False,False,False
46,14,False,True,False,False,False,False,False,False
47,14,False,False,True,True,False,False,False,False
48,14,False,True,True,False,False,False,False,False
49,14,True,True,False,True,False,False,False,False
0,15,False,True,False,True,False,False,False,False
1,15,False,False,False,False,True,False,False,False
2,15,False,False,False,False,True,False,False,False
3,15,False,False,False,False,True,False,False,False
4,15,False,False,False,False,True,False,False,False
5,15,False,False,False,False,True,False,False,False
6,15,False,False,False,False,True,False,False,False
7,15,False,False,False,False,True,False,False,False
8,15,False,False,False,False,True,False,False,False
9,15,False,False,False,False,True,False,False,False
10,15,False,False,False,False,True,False,False,False
11,15,False,True,False,True,False,False,False,False
12,15,False,False,False,False,True,False,False,False
13,15,True,False,False,True,False,False,False,False
14,15,True,True,False,False,False,False,False,False
15,15,False,False,False,False,True,False,False,False
16,15,False,True,False,True,False,False,False,False
17,15,True,False,False,True,False,False,False,False
18,15,True,False,True,False,False,False,False,False
19,15,True,True,False,False,False,False,False,False
20,15,True,False,False,True,False,False,False,False
21,15,False,True,True,False,False,False,False,False
22,15,False,True,False,True,False,False,False,False
23,15,False,True,False,True,False,False,False,False
24,15,True,False,False,True,False,False,False,False
25,15,True,False,True,False,False,False,False,False
26,15,True,False,True,False,False,False,False,False
27,15,False,True,True,False,False,False,False,False
28,15,False,True,True,True,False,False,False,False
29,15,True,False,False,True,False,False,False,False
30,15,True,True,False,False,False,False,False,False
31,15,False,False,False,False,True,False,False,False
32,15,False,False,True,True,False,False,False,False
33,15,True,True,False,False,False,False,False,False
34,15,True,True,False,True,False,False,False,False
35,15,True,False,False,True,False,False,False,False
36,15,False,True,True,False,False,False,False,False
37,15,True,False,False,True,False,False,False,False
38,15,False,True,False,False,False,False,False,False
39,15,False,True,True,True,False,False,False,False
40,15,False,True,False,True,False,False,False,False
41,15,True,False,False,True,False,False,False,False
42,15,False,True,True,False,False,False,False,False
43,15,True,True,False,True,False,False,False,False
44,15,True,False,False,True,False,False,False,False
45,15,True,True,False,False,False,False,False,False
46,15,False,False,True,True,False,False,False,False
47,15,True,True,False,False,False,False,False,False
48,15,True,False,False,True,False,False,False,False
49,15,False,True,False,False,False,False,False,False
0,16,False,True,False,True,False,False,False,False
1,16,False,False,False,False,True,False,False,False
2,16,False,False,False,False,True,False,False,False
3,16,False,False,False,False,True,False,False,False
4,16,False,False,False,False,True,False,False,False
5,16,True,False,False,True,False,False,False,False
6,16,True,True,False,False,False,False,False,False
7,16,False,False,False,False,True,False,False,False
8,16,False,False,False,False,True,False,False,False
9,16,False,False,False,False,True,False,False,False
10,16,False,False,False,False,True,False,False,False
11,16,False,True,False,True,False,False,False,False
12,16,False,False,False,False,True,False,False,False
13,16,False,True,False,True,False,False,False,False
14,16,False,False,True,True,False,False,False,False
15,16,True,False,True,False,False,False,False,False
16,16,False,True,True,False,False,False,False,False
17,16,False,False,True,True,False,False,False,False
18,16,True,True,False,False,False,False,False,False
19,16,False,False,True,True,False,False,False,False
20,16,False,True,True,False,False,False,False,False
21,16,False,False,False,False,True,False,False,False
22,16,False,True,False,True,False,False,False,False
23,16,False,False,True,True,False,False,False,False
24,16,False,True,True,False,False,False,False,False
25,16,False,False,False,False,True,False,False,False
26,16,True,False,False,True,False,False,False,False
27,16,True,False,True,False,False,False,False,False
28,16,True,False,True,False,False,False,False,False
29,16,False,True,True,False,False,False,False,False
30,16,False,False,True,True,False,False,False,False
31,16,True,True,False,False,False,False,False,False
32,16,False,False,False,False,True,False,False,False
33,16,False,False,True,True,False,False,False,False
34,16,False,True,True,False,False,False,False,False
35,16,False,True,False,True,False,False,False,False
36,16,False,False,False,False,True,False,False,False
37,16,False,True,False,True,False,False,False,False
38,16,False,False,True,True,False,False,False,False
39,16,True,False,True,False,False,False,False,False
40,16,False,True,True,False,False,False,False,False
41,16,False,False,True,True,False,False,False,False
42,16,True,False,True,False,False,False,False,False
43,16,False,False,True,False,False,False,False,False
44,16,False,True,True,False,False,False,False,False
45,16,False,False,True,True,False,False,False,False
46,16,True,False,True,False,False,False,False,False
47,16,False,True,True,False,False,False,False,False
48,16,False,True,False,True,False,False,False,False
49,16,False,True,False,True,False,False,False,False
0,17,False,True,False,True,False,False,False,False
1,17,False,False,False,False,True,False,False,False
2,17,False,False,False,False,True,False,False,False
3,17,False,False,False,False,True,False,False,False
4,17,False,False,False,False,True,False,False,False
5,17,False,True,False,True,False,False,False,False
6,17,False,True,False,True,False,False,False,False
7,17,False,False,False,False,True,False,False,False
8,17,False,False,False,False,True,False,False,False
9,17,False,False,False,False,True,False,False,False
10,17,False,False,False,False,True,False,False,False
11,17,False,True,False,True,False,False,False,False
12,17,False,False,False,False,True,False,False,False
13,17,False,False,True,True,False,False,False,False
14,17,True,True,False,False,False,False,False,False
15,17,True,False,False,True,False,False,False,False
16,17,True,False,True,False,False,False,False,False
17,17,True,True,False,False,False,False,False,False
18,17,False,False,True,True,False,False,False,False
19,17,True,True,False,False,False,False,False,False
20,17,False,False,False,False,True,False,False,False
21,17,False,False,False,False,True,False,False,False
22,17,False,True,False,True,False,False,False,False
23,17,True,False,False,True,False,False,False,False
24,17,True,True,False,False,False,False,False,False
25,17,False,False,False,False,True,False,False,False
26,17,False,False,True,True,False,False,False,False
27,17,True,False,True,False,False,False,False,False
28,17,True,False,True,False,False,False,False,False
29,17,True,True,True,False,False,False,False,False
30,17,True,False,False,True,False,False,False,False
31,17,False,True,True,False,False,False,False,False
32,17,False,False,False,False,True,False,False,False
33,17,False,False,False,False,True,False,False,False
34,17,False,False,False,False,True,False,False,False
35,17,False,True,False,True,False,False,False,False
36,17,False,False,False,False,True,False,False,False
37,17,False,False,True,True,False,False,False,False
38,17,True,True,False,False,False,False,False,False
39,17,True,False,False,True,False,False,False,False
40,17,True,False,True,False,False,False,False,False
41,17,True,True,False,False,False,False,False,False
42,17,True,False,True,True,False,False,False,False
43,17,True,False,True,False,False,False,False,False
44,17,True,False,False,False,False,False,False,False
45,17,True,False,False,False,False,False,False,False
46,17,True,True,False,False,False,False,False,False
47,17,True,False,True,True,False,False,False,False
48,17,False,True,True,False,False,False,False,False
49,17,False,True,False,True,False,False,False,False
0,18,False,True,False,True,False,False,False,False
1,18,False,False,False,False,True,False,False,False
2,18,False,False,False,False,True,False,False,False
3,18,False,False,False,False,True,False,False,False
4,18,False,False,False,False,True,False,False,False
5,18,False,True,False,True,False,False,False,False
6,18,False,True,False,True,False,False,False,False
7,18,True,False,False,True,False,False,False,False
8,18,True,True,False,False,False,False,False,False
9,18,False,False,False,False,True,False,False,False
10,18,False,False,False,False,True,False,False,False
11,18,False,True,False,True,False,False,False,False
12,18,True,False,False,True,False,False,False,False
13,18,True,False,True,False,False,False,False,False
14,18,False,True,True,False,False,False,False,False
15,18,False,False,True,True,False,False,False,False
16,18,True,True,False,False,False,False,False,False
17,18,False,False,True,True,False,False,False,False
18,18,True,True,False,False,False,False,False,False
19,18,False,False,True,True,False,False,False,False
20,18,True,False,True,False,False,False,False,False
21,18,True,True,False,False,False,False,False,False
22,18,False,True,False,True,False,False,False,False
23,18,False,True,False,True,False,False,False,False
24,18,False,False,True,True,False,False,False,False
25,18,True,False,True,False,False,False,False,False
26,18,True,False,True,False,False,False,False,False
27,18,True,True,False,False,False,False,False,False
28,18,True,False,False,True,False,False,False,False
29,18,True,False,False,False,False,False,False,False
30,18,False,True,True,False,False,False,False,False
31,18,True,False,False,True,False,False,False,False
32,18,True,True,False,False,False,False,False,False
33,18,False,False,False,False,True,False,False,False
34,18,False,False,False,False,True,False,False,False
35,18,False,True,False,True,False,False,False,False
36,18,False,False,False,False,True,False,False,False
37,18,False,False,False,False,True,False,False,False
38,18,False,False,True,True,False,False,False,False
39,18,False,True,True,False,False,False,False,False
40,18,False,False,False,False,True,False,False,False
41,18,False,False,True,True,False,False,False,False
42,18,True,False,True,False,False,False,False,False
43,18,True,True,False,False,False,False,False,False
44,18,False,True,True,True,False,False,False,False
45,18,False,True,False,True,False,False,False,False
46,18,False,False,True,True,False,False,False,False
47,18,True,True,False,False,False,False,False,False
48,18,False,False,False,False,True,False,False,False
49,18,False,True,False,True,False,False,False,False
0,19,False,False,True,True,False,False,False,False
1,19,True,False,True,False,False,False,False,False
2,19,True,False,True,False,False,False,False,False
3,19,True,True,False,False,False,False,False,False
4,19,False,False,False,False,True,False,False,False
5,19,False,True,False,True,False,False,False,False
6,19,False,False,True,True,False,False,False,False
7,19,False,True,True,False,False,False,False,False
8,19,False,False,True,True,False,False,False,False
9,19,True,False,True,False,False,False,False,False
10,19,True,True,False,False,False,False,False,False
11,19,False,False,True,True,False,False,False,False
12,19,False,True,True,False,False,False,False,False
13,19,False,False,False,False,True,False,False,False
14,19,False,False,False,False,True,False,False,False
15,19,False,False,False,False,True,False,False,False
16,19,False,False,True,True,False,False,False,False
17,19,True,True,False,False,False,False,False,False
18,19,False,True,False,True,False,False,False,False
19,19,False,False,False,False,True,False,False,False
20,19,False,False,False,False,True,False,False,False
21,19,False,False,True,True,False,False,False,False
22,19,False,True,True,False,False,False,False,False
23,19,False,True,False,True,False,False,False,False
24,19,False,False,False,False,True,False,False,False
25,19,False,False,False,False,True,False,False,False
26,19,False,False,False,False,True,False,False,False
27,19,False,True,False,True,False,False,False,False
28,19,False,True,False,True,False,False,False,False
29,19,False,True,True,True,False,False,False,False
30,19,True,False,False,True,False,False,False,False
31,19,False,True,True,False,False,False,False,False
32,19,False,True,False,True,False,False,False,False
33,19,False,False,False,False,True,False,False,False
34,19,True,False,False,True,False,False,False,False
35,19,False,True,True,False,False,False,False,False
36,19,False,False,False,False,True,False,False,False
37,19,False,False,False,False,True,False,False,False
38,19,False,False,False,False,True,False,False,False
39,19,False,False,False,False,True,False,False,False
40,19,False,False,False,False,True,False,False,False
41,19,False,False,False,False,True,False,False,False
42,19,False,False,False,False,True,False,False,False
43,19,False,True,False,True,False,False,False,False
44,19,True,False,False,True,False,False,False,False
45,19,False,False,True,False,False,False,False,False
46,19,True,True,False,False,False,False,False,False
47,19,False,True,False,True,False,False,False,False
48,19,False,False,False,False,True,False,False,False
49,19,False,True,False,True,False,False,False,False
0,20,False,False,False,False,True,False,False,False
1,20,False,False,False,False,True,False,False,False
2,20,False,False,False,False,True,False,False,False
3,20,False,True,False,True,False,False,False,False
4,20,False,False,False,False,True,False,False,False
5,20,False,True,False,True,False,False,False,False
6,20,False,False,False,False,True,False,False,False
7,20,False,False,False,False,True,False,False,False
8,20,False,False,False,False,True,False,False,False
9,20,False,False,False,False,True,False,False,False
10,20,False,False,True,True,False,False,False,False
11,20,True,True,False,False,False,False,False,False
12,20,True,False,False,True,False,False,False,False
13,20,True,False,True,False,False,False,False,False
14,20,True,False,True,False,False,False,False,False
15,20,True,False,True,False,False,False,False,False
16,20,True,True,False,False,False,False,False,False
17,20,False,True,False,True,False,False,False,False
18,20,False,True,False,True,False,False,False,False
19,20,False,False,False,False,True,False,False,False
20,20,False,False,False,False,True,False,False,False
21,20,False,False,False,False,True,False,False,False
22,20,False,False,False,False,True,False,False,False
23,20,False,True,False,True,False,False,False,False
24,20,False,False,False,False,True,False,False,False
25,20,False,False,False,False,True,False,False,False
26,20,False,False,False,False,True,False,False,False
27,20,False,False,True,True,False,False,False,False
28,20,False,False,True,False,False,False,False,False
29,20,True,False,True,False,False,False,False,False
30,20,False,True,True,False,False,False,False,False
31,20,True,False,False,True,False,False,False,False
32,20,False,True,False,False,False,False,False,False
33,20,True,False,False,True,False,False,False,False
34,20,False,True,True,False,False,False,False,False
35,20,False,False,False,False,True,False,False,False
36,20,False,False,False,False,True,False,False,False
37,20,False,False,False,False,True,False,False,False
38,20,False,False,False,False,True,False,False,False
39,20,False,False,False,False,True,False,False,False
40,20,False,False,False,False,True,False,False,False
41,20,True,False,False,True,False,False,False,False
42,20,True,True,False,False,False,False,False,False
43,20,False,True,False,True,False,False,False,False
44,20,False,False,True,True,False,False,False,False
45,20,True,True,True,False,False,False,False,False
46,20,False,True,False,True,False,False,False,False
47,20,False,False,True,True,False,False,False,False
48,20,True,True,False,False,False,False,False,False
49,20,False,True,False,True,False,False,False,False
0,21,False,False,False,False,True,False,False,False
1,21,False,False,False,False,True,False,False,False
2,21,False,False,False,False,True,False,False,False
3,21,False,False,True,True,False,False,False,False
4,21,True,True,False,False,False,False,False,False
5,21,False,True,False,True,False,False,False,False
6,21,False,False,False,False,True,False,False,False
7,21,False,False,False,False,True,False,False,False
8,21,False,False,False,False,True,False,False,False
9,21,True,False,False,True,False,False,False,False
10,21,True,False,True,False,False,False,False,False
11,21,False,True,False,False,False,False,False,False
12,21,False,True,False,True,False,False,False,False
13,21,True,True,False,True,False,False,False,False
14,21,True,False,False,True,False,False,False,False
15,21,True,False,True,False,False,False,False,False
16,21,False,True,True,False,False,False,False,False
17,21,False,True,False,True,False,False,False,False
18,21,False,True,False,True,False,False,False,False
19,21,False,False,False,False,True,False,False,False
20,21,False,False,False,False,True,False,False,False
21,21,False,False,False,False,True,False,False,False
22,21,False,False,False,False,True,False,False,False
23,21,False,True,False,True,False,False,False,False
24,21,False,False,False,False,True,False,False,False
25,21,False,False,False,False,True,False,False,False
26,21,False,False,False,False,True,False,False,False
27,21,True,False,False,True,False,False,False,False
28,21,True,True,True,False,False,False,False,False
29,21,True,False,False,True,False,False,False,False
30,21,True,True,False,False,False,False,False,False
31,21,False,True,False,True,False,False,False,False
32,21,False,False,True,True,False,False,False,False
33,21,False,True,True,False,False,False,False,False
34,21,False,False,False,False,True,False,False,False
35,21,False,False,False,False,True,False,False,False
36,21,False,False,False,False,True,False,False,False
37,21,False,False,False,False,True,False,False,False
38,21,False,False,False,False,True,False,False,False
39,21,False,False,False,False,True,False,False,False
40,21,True,False,False,True,False,False,False,False
41,21,False,True,True,False,False,False,False,False
42,21,False,True,True,True,False,False,False,False
43,21,False,False,False,True,False,False,False,False
44,21,True,False,True,False,False,False,False,False
45,21,True,True,False,False,False,False,False,False
46,21,False,False,False,True,False,False,False,False
47,21,True,True,False,False,False,False,False,False
48,21,False,False,True,True,False,False,False,False
49,21,False,True,True,False,False,False,False,False
0,22,False,False,False,False,True,False,False,False
1,22,False,False,False,False,True,False,False,False
2,22,False,False,False,False,True,False,False,False
3,22,False,False,False,False,True,False,False,False
4,22,False,False,True,True,False,False,False,False
5,22,False,True,True,False,False,False,False,False
6,22,False,False,False,False,True,False,False,False
7,22,False,False,False,False,True,False,False,False
8,22,False,False,False,False,True,False,False,False
9,22,False,False,True,True,False,False,False,False
10,22,True,True,False,False,False,False,False,False
11,22,False,False,True,True,False,False,False,False
12,22,False,True,True,False,False,False,False,False
13,22,False,False,True,True,False,False,False,False
14,22,False,True,True,False,False,False,False,False
15,22,True,False,True,True,False,False,False,False
16,22,True,True,False,False,False,False,False,False
17,22,False,True,False,True,False,False,False,False
18,22,False,False,True,True,False,False,False,False
19,22,True,False,False,False,False,False,False,False
20,22,True,False,True,False,False,False,False,False
21,22,True,True,False,False,False,False,False,False
22,22,False,False,False,False,True,False,False,False
23,22,False,False,True,True,False,False,False,False
24,22,True,False,True,False,False,False,False,False
25,22,True,True,False,False,False,False,False,False
26,22,False,False,False,False,True,False,False,False
27,22,False,False,True,True,False,False,False,False
28,22,True,False,True,False,False,False,False,False
29,22,False,True,True,False,False,False,False,False
30,22,False,True,False,True,False,False,False,False
31,22,False,False,True,True,False,False,False,False
32,22,True,False,True,False,False,False,False,False
33,22,True,True,False,False,False,False,False,False
34,22,False,False,False,False,True,False,False,False
35,22,False,False,False,False,True,False,False,False
36,22,False,False,False,False,True,False,False,False
37,22,False,False,False,False,True,False,False,False
38,22,False,False,False,False,True,False,False,False
39,22,False,False,False,False,True,False,False,False
40,22,False,True,False,True,False,False,False,False
41,22,True,False,False,True,False,False,False,False
42,22,True,False,True,False,False,False,False,False
43,22,False,True,True,False,False,False,False,False
44,22,False,False,False,False,True,False,False,False
45,22,False,False,True,True,False,False,False,False
46,22,False,True,True,False,False,False,False,False
47,22,False,False,True,True,False,False,False,False
48,22,True,True,False,False,False,False,False,False
49,22,True,True,False,True,False,False,False,False
0,23,False,False,False,False,True,False,False,False
1,23,False,False,False,False,True,False,False,False
2,23,False,False,False,False,True,False,False,False
3,23,False,False,False,False,True,False,False,False
4,23,False,False,False,False,True,False,False,False
5,23,False,False,False,False,True,False,False,False
6,23,False,False,False,False,True,False,False,False
7,23,False,False,False,False,True,False,False,False
8,23,False,False,False,False,True,False,False,False
9,23,True,False,False,True,False,False,False,False
10,23,False,True,True,False,False,False,False,False
11,23,True,False,False,True,False,False,False,False
12,23,True,False,True,False,False,False,False,False
13,23,True,True,True,False,False,False,False,False
14,23,True,False,False,True,False,False,False,False
15,23,True,False,False,False,False,False,False,False
16,23,False,True,True,False,False,False,False,False
17,23,False,True,False,True,False,False,False,False
18,23,True,True,False,True,False,False,False,False
19,23,False,True,False,True,False,False,False,False
20,23,True,True,False,True,False,False,False,False
21,23,False,False,False,True,False,False,False,False
22,23,True,False,True,False,False,False,False,False
23,23,True,True,False,False,False,False,False,False
24,23,True,False,False,True,False,False,False,False
25,23,False,True,True,False,False,False,False,False
26,23,False,False,False,False,True,False,False,False
27,23,False,False,False,False,True,False,False,False
28,23,False,False,False,False,True,False,False,False
29,23,False,False,False,False,True,False,False,False
30,23,False,False,True,True,False,False,False,False
31,23,True,False,True,False,False,False,False,False
32,23,True,True,False,False,False,False,False,False
33,23,False,False,True,True,False,False,False,False
34,23,True,True,False,False,False,False,False,False
35,23,True,False,False,True,False,False,False,False
36,23,True,False,True,False,False,False,False,False
37,23,True,False,True,False,False,False,False,False
38,23,True,False,True,False,False,False,False,False
39,23,True,True,False,False,False,False,False,False
40,23,False,False,True,True,False,False,False,False
41,23,False,True,True,False,False,False,False,False
42,23,False,False,False,False,True,False,False,False
43,23,False,False,False,False,True,False,False,False
44,23,True,False,False,True,False,False,False,False
45,23,True,False,True,False,False,False,False,False
46,23,True,False,True,False,False,False,False,False
47,23,True,True,True,False,False,False,False,False
48,23,False,False,True,True,False,False,False,False
49,23,False,True,False,False,False,False,False,False
0,24,False,False,False,False,True,False,False,False
1,24,False,False,False,False,True,False,False,False
2,24,False,False,False,False,True,False,False,False
3,24,False,False,False,False,True,False,False,False
4,24,False,False,False,False,True,False,False,False
5,24,False,False,False,False,True,False,False,False
6,24,False,False,False,False,True,False,False,False
7,24,True,False,False,True,False,False,False,False
8,24,True,True,False,False,False,False,False,False
9,24,False,False,False,True,False,False,False,False
10,24,True,False,True,False,False,False,False,False
11,24,False,True,True,False,False,False,False,False
12,24,True,False,True,True,False,True,False,False
13,24,True,False,False,False,False,False,False,False
14,24,False,True,True,False,False,False,False,False
15,24,False,True,False,True,False,False,False,False
16,24,True,False,True,True,False,False,False,False
17,24,False,False,True,False,False,False,False,False
18,24,False,True,True,False,False,False,False,False
19,24,False,True,False,True,False,False,False,False
20,24,False,True,False,True,False,False,False,False
21,24,False,False,True,True,False,False,False,False
22,24,True,True,False,False,False,False,False,False
23,24,False,False,True,True,False,False,False,False
24,24,False,True,True,False,False,False,False,False
25,24,False,False,False,False,True,False,False,False
26,24,False,False,False,False,True,False,False,False
27,24,False,False,False,False,True,False,False,False
28,24,False,False,False,False,True,False,False,False
29,24,False,False,False,False,True,False,False,False
30,24,False,False,False,False,True,False,False,False
31,24,False,False,False,False,True,False,False,False
32,24,False,False,True,True,False,False,False,False
33,24,True,True,False,False,False,False,False,False
34,24,False,False,True,True,False,False,False,False
35,24,False,True,True,False,False,False,False,False
36,24,True,False,False,True,False,False,False,False
37,24,True,True,False,False,False,False,False,False
38,24,True,False,False,True,False,False,False,False
39,24,False,True,True,False,False,False,False,False
40,24,False,False,False,False,True,False,False,False
41,24,False,False,False,False,True,False,False,False
42,24,False,False,False,False,True,False,False,False
43,24,False,False,False,False,True,False,False,False
44,24,False,True,False,True,False,False,False,False
45,24,True,False,False,True,False,False,False,False
46,24,True,False,False,False,False,False,False,False
47,24,True,True,False,False,False,False,False,False
48,24,True,False,False,True,False,False,False,False
49,24,False,True,True,False,False,False,False,False
0,25,True,False,False,True,False,False,False,False
1,25,True,True,False,False,False,False,False,False
2,25,False,False,False,False,True,False,False,False
3,25,False,False,False,False,True,False,False,False
4,25,False,False,False,False,True,False,False,False
5,25,False,False,False,False,True,False,False,False
6,25,False,False,False,False,True,False,False,False
7,25,False,True,False,True,False,False,False,False
8,25,False,True,True,True,False,False,False,False
9,25,False,False,True,True,False,False,False,False
10,25,True,True,False,False,False,False,False,False
11,25,False,False,False,False,True,False,False,False
12,25,False,False,False,False,True,False,False,False
13,25,False,True,False,True,False,False,False,False
14,25,False,False,False,False,True,False,False,False
15,25,False,False,True,True,False,False,False,False
16,25,True,True,False,False,False,False,False,False
17,25,True,False,False,True,False,False,False,False
18,25,True,True,False,False,False,False,False,False
19,25,False,True,False,True,False,False,False,False
20,25,False,True,False,True,False,False,False,False
21,25,True,False,False,True,False,False,False,False
22,25,False,True,True,False,False,False,False,False
23,25,True,False,False,True,False,False,False,False
24,25,True,False,True,False,False,False,False,False
25,25,True,False,True,False,False,False,False,False
26,25,True,True,False,False,False,False,False,False
27,25,False,False,False,False,True,False,False,False
28,25,False,False,False,False,True,False,False,False
29,25,False,False,False,False,True,False,False,False
30,25,False,False,False,False,True,False,False,False
31,25,False,False,False,False,True,False,False,False
32,25,False,False,False,False,True,False,False,False
33,25,False,False,True,True,False,False,False,False
34,25,True,False,True,False,False,False,False,False
35,25,True,False,True,False,False,False,False,False
36,25,False,True,True,False,False,False,False,False
37,25,False,False,True,True,False,False,False,False
38,25,False,True,True,False,False,False,False,False
39,25,False,False,False,False,True,False,False,False
40,25,False,False,False,False,True,False,False,False
41,25,False,False,False,False,True,False,False,False
42,25,False,False,False,False,True,False,False,False
43,25,False,False,False,False,True,False,False,False
44,25,False,False,True,True,False,False,False,False
45,25,False,True,True,False,False,False,False,False
46,25,False,True,True,True,False,False,False,False
47,25,False,True,False,True,False,False,False,False
48,25,False,False,True,True,False,False,False,False
49,25,True,True,False,False,False,False,False,False
0,26,False,True,False,True,False,False,False,False
1,26,False,False,True,True,False,False,False,False
2,26,True,True,False,False,False,False,False,False
3,26,False,False,False,False,True,False,False,False
4,26,False,False,False,False,True,False,False,False
5,26,False,False,False,False,True,False,False,False
6,26,True,False,False,True,False,False,False,False
7,26,False,True,True,False,False,False,False,False
8,26,True,False,False,True,False,False,False,False
9,26,True,True,False,False,False,False,False,False
10,26,False,True,False,True,False,False,False,False
11,26,False,False,False,False,True,False,False,False
12,26,True,False,False,True,False,False,False,False
13,26,False,True,True,False,False,False,False,False
14,26,True,False,False,True,False,False,False,False
15,26,True,False,True,False,False,False,False,False
16,26,False,True,True,False,False,False,False,False
17,26,False,True,True,True,False,False,False,False
18,26,False,False,False,True,False,False,False,False
19,26,False,True,False,False,False,False,False,False
20,26,False,False,True,True,False,False,False,False
21,26,False,True,True,False,False,False,False,False
22,26,False,False,False,False,True,False,False,False
23,26,False,False,True,True,False,False,False,False
24,26,True,True,False,False,False,False,False,False
25,26,False,False,False,False,True,False,False,False
26,26,False,True,False,True,False,False,False,False
27,26,False,False,False,False,True,False,False,False
28,26,False,False,False,False,True,False,False,False
29,26,False,False,False,False,True,False,False,False
30,26,False,False,False,False,True,False,False,False
31,26,False,False,False,False,True,False,False,False
32,26,False,False,False,False,True,False,False,False
33,26,False,False,False,False,True,False,False,False
34,26,False,False,False,False,True,False,False,False
35,26,False,False,False,False,True,False,False,False
36,26,False,False,False,False,True,False,False,False
37,26,False,False,False,False,True,False,False,False
38,26,False,False,False,False,True,False,False,False
39,26,False,False,False,False,True,False,False,False
40,26,False,False,False,False,True,False,False,False
41,26,False,False,False,False,True,False,False,False
42,26,False,False,False,False,True,False,False,False
43,26,False,False,False,False,True,False,False,False
44,26,True,False,False,True,False,False,False,False
45,26,True,False,True,False,False,False,False,False
46,26,True,False,True,False,False,False,False,False
47,26,False,False,True,False,False,False,False,False
48,26,True,True,True,False,False,False,False,False
49,26,False,True,False,True,False,False,False,False
0,27,False,True,False,True,False,False,False,False
1,27,True,True,False,True,False,False,False,False
2,27,False,False,True,True,False,False,False,False
3,27,True,False,True,False,False,False,False,False
4,27,True,False,True,False,False,False,False,False
5,27,True,True,False,False,False,False,False,False
6,27,False,True,False,True,False,False,False,False
7,27,True,False,False,True,False,False,False,False
8,27,False,True,True,False,False,False,False,False
9,27,False,False,True,True,False,False,False,False
10,27,False,True,True,False,False,False,False,False
11,27,False,False,False,False,True,False,False,False
12,27,False,False,True,True,False,False,False,False
13,27,True,True,False,False,False,False,False,False
14,27,False,False,True,True,False,False,False,False
15,27,True,False,True,False,False,False,False,False
16,27,True,False,True,False,False,False,False,False
17,27,True,True,False,False,False,False,False,False
18,27,False,True,False,True,False,False,False,False
19,27,False,True,True,True,False,False,False,False
20,27,True,False,False,True,False,False,False,False
21,27,True,True,False,False,False,False,False,False
22,27,True,False,False,True,False,False,False,False
23,27,True,False,True,False,False,False,False,False
24,27,False,True,True,False,False,False,False,False
25,27,False,False,False,False,True,False,False,False
26,27,False,False,True,True,False,False,False,False
27,27,True,False,True,False,False,False,False,False
28,27,True,True,False,False,False,False,False,False
29,27,False,False,False,False,True,False,False,False
30,27,False,False,False,False,True,False,False,False
31,27,False,False,False,False,True,False,False,False
32,27,False,False,False,False,True,False,False,False
33,27,False,False,False,False,True,False,False,False
34,27,False,False,False,False,True,False,False,False
35,27,False,False,False,False,True,False,False,False
36,27,False,False,False,False,True,False,False,False
37,27,False,False,False,False,True,False,False,False
38,27,False,False,False,False,True,False,False,False
39,27,False,False,False,False,True,False,False,False
40,27,False,False,False,False,True,False,False,False
41,27,False,False,False,False,True,False,False,False
42,27,True,False,False,True,False,False,False,False
43,27,True,True,False,False,False,False,False,False
44,27,False,False,True,True,False,False,False,False
45,27,True,False,True,False,False,False,False,False
46,27,True,True,False,False,False,False,False,False
47,27,True,False,False,True,False,False,False,False
48,27,True,False,False,False,False,False,False,False
49,27,False,True,True,False,False,False,False,False
0,28,False,False,True,True,False,False,False,False
1,28,False,True,False,False,False,False,False,False
2,28,True,False,True,True,False,False,False,False
3,28,True,False,True,False,False,False,False,False
4,28,True,True,False,False,False,False,False,False
5,28,False,True,False,True,False,False,False,False
6,28,False,True,False,True,False,False,False,False
7,28,False,False,True,True,False,False,False,False
8,28,True,False,True,False,False,False,False,False
9,28,True,True,False,False,False,False,False,False
10,28,False,False,False,False,True,False,False,False
11,28,False,False,False,False,True,False,False,False
12,28,False,False,False,False,True,False,False,False
13,28,False,False,True,True,False,False,False,False
14,28,True,True,False,False,False,False,False,False
15,28,False,False,False,False,True,False,False,False
16,28,False,False,False,False,True,False,False,False
17,28,False,True,False,True,False,False,False,False
18,28,False,False,True,True,False,False,False,False
19,28,True,False,True,False,False,False,False,False
20,28,False,True,True,False,False,False,False,False
21,28,False,False,True,True,False,False,False,False
22,28,False,True,True,False,False,False,False,False
23,28,True,False,False,True,False,False,False,False
24,28,True,False,True,False,False,False,False,False
25,28,True,False,True,False,False,False,False,False
26,28,True,False,True,False,False,False,False,False
27,28,True,False,True,False,False,False,False,False
28,28,False,True,True,False,False,False,False,False
29,28,False,False,False,False,True,False,False,False
30,28,False,False,False,False,True,False,False,False
31,28,False,False,False,False,True,False,False,False
32,28,False,False,False,False,True,False,False,False
33,28,False,False,False,False,True,False,False,False
34,28,False,False,False,False,True,False,False,False
35,28,False,False,False,False,True,False,False,False
36,28,False,False,False,False,True,False,False,False
37,28,False,False,False,False,True,False,False,False
38,28,False,False,False,False,True,False,False,False
39,28,False,False,False,False,True,False,False,False
40,28,False,False,False,False,True,False,False,False
41,28,False,False,False,False,True,False,False,False
42,28,False,True,False,True,False,False,False,False
43,28,False,False,True,True,False,False,False,False
44,28,True,False,True,False,False,False,False,False
45,28,True,True,False,False,False,False,False,False
46,28,False,True,False,True,False,False,False,False
47,28,False,True,False,True,False,False,False,False
48,28,False,False,True,True,False,False,False,False
49,28,True,True,False,False,False,False,False,False
0,29,True,False,False,True,False,False,False,False
1,29,False,True,True,False,False,False,False,False
2,29,True,False,False,True,False,False,False,False
3,29,True,True,False,False,False,False,False,False
4,29,False,False,True,True,False,False,False,False
5,29,False,True,True,False,False,False,False,False
6,29,False,False,True,True,False,False,False,False
7,29,True,False,True,False,False,False,False,False
8,29,True,False,True,False,False,False,False,False
9,29,False,True,False,False,False,False,False,False
10,29,True,False,False,True,False,False,False,False
11,29,True,False,True,False,False,False,False,False
12,29,True,False,True,False,False,False,False,False
13,29,True,True,False,False,False,False,False,False
14,29,False,False,True,True,False,False,False,False
15,29,True,True,False,False,False,False,False,False
16,29,False,False,False,False,True,False,False,False
17,29,False,True,False,True,False,False,False,False
18,29,True,False,False,True,False,False,False,False
19,29,True,True,False,False,False,False,False,False
20,29,True,False,False,True,False,False,False,False
21,29,True,False,True,False,False,False,False,False
22,29,True,False,True,False,False,False,False,False
23,29,False,True,True,False,False,False,False,False
24,29,False,False,False,False,True,False,False,False
25,29,False,False,False,False,True,False,False,False
26,29,False,False,False,False,True,False,False,False
27,29,False,False,False,False,True,False,False,False
28,29,False,False,False,False,True,False,False,False
29,29,False,False,False,False,True,False,False,False
30,29,False,False,False,False,True,False,False,False
31,29,False,False,False,False,True,False,False,False
32,29,False,False,False,False,True,False,False,False
33,29,False,False,False,False,True,False,False,False
34,29,False,False,False,False,True,False,False,False
35,29,False,False,False,False,True,False,False,False
36,29,False,False,False,False,True,False,False,False
37,29,False,False,False,False,True,False,False,False
38,29,False,False,False,False,True,False,False,False
39,29,False,False,False,False,True,False,False,False
40,29,True,False,False,True,False,False,False,False
41,29,True,False,True,False,False,False,False,False
42,29,False,True,True,False,False,False,False,False
43,29,False,False,False,False,True,False,False,False
44,29,True,False,False,True,False,False,False,False
45,29,False,False,True,False,False,False,False,False
46,29,False,True,False,False,False,False,False,False
47,29,False,False,True,True,False,False,False,False
48,29,True,True,True,False,False,False,False,False
49,29,False,True,False,True,False,False,False,False
0,30,False,True,False,True,False,False,False,False
1,30,True,False,False,True,False,False,False,False
2,30,False,True,True,False,False,False,False,False
3,30,False,False,True,True,False,False,False,False
4,30,True,True,False,False,False,False,False,False
5,30,True,False,False,True,False,False,False,False
6,30,True,True,False,False,False,False,False,False
7,30,True,False,False,True,False,False,False,False
8,30,True,False,True,False,False,False,False,False
9,30,False,True,True,False,False,False,False,False
10,30,False,False,True,True,False,False,False,False
11,30,True,True,False,False,False,False,False,False
12,30,True,True,False,True,False,False,False,False
13,30,False,False,False,True,False,False,False,False
14,30,True,False,True,False,False,False,False,False
15,30,False,True,True,False,False,False,False,False
16,30,False,False,False,False,True,False,False,False
17,30,False,False,True,True,False,False,False,False
18,30,False,True,True,False,False,False,False,False
19,30,False,False,True,True,False,False,False,False
20,30,False,True,True,False,False,False,False,False
21,30,False,False,False,False,True,False,False,False
22,30,False,False,False,False,True,False,False,False
23,30,False,False,False,False,True,False,False,False
24,30,False,False,False,False,True,False,False,False
25,30,False,False,False,False,True,False,False,False
26,30,False,False,False,False,True,False,False,False
27,30,False,False,False,False,True,False,False,False
28,30,False,False,False,False,True,False,False,False
29,30,False,False,False,False,True,False,False,False
30,30,False,False,False,False,True,False,False,False
31,30,False,False,False,False,True,False,False,False
32,30,False,False,False,False,True,False,False,False
33,30,False,False,False,False,True,False,False,False
34,30,False,False,False,False,True,False,False,False
35,30,False,False,False,False,True,False,False,False
36,30,False,False,False,False,True,False,False,False
37,30,False,False,False,False,True,False,False,False
38,30,False,False,False,False,True,False,False,False
39,30,False,False,False,False,True,False,False,False
40,30,False,True,False,True,False,False,False,False
41,30,True,False,False,True,False,False,False,False
42,30,True,False,True,False,False,False,False,False
43,30,True,True,False,False,False,False,False,False
44,30,False,False,True,True,False,False,False,False
45,30,True,True,True,False,False,False,False,False
46,30,False,True,False,True,False,False,False,False
47,30,True,False,False,True,False,False,False,False
48,30,True,False,True,False,False,False,False,False
49,30,False,True,True,False,False,False,False,False
0,31,False,True,False,True,False,False,False,False
1,31,False,False,True,True,False,False,False,False
2,31,True,False,False,False,False,False,False,False
3,31,True,True,False,False,False,False,False,False
4,31,False,False,True,True,False,False,False,False
5,31,False,True,True,False,False,False,False,False
6,31,False,True,False,True,False,False,False,False
7,31,False,True,False,True,False,False,False,False
8,31,True,False,False,True,False,False,False,False
9,31,True,True,False,False,False,False,False,False
10,31,True,True,False,True,False,False,False,False
11,31,False,False,True,True,False,False,False,False
12,31,False,True,True,False,False,False,False,False
13,31,False,True,False,True,False,False,False,False
14,31,False,False,False,False,True,False,False,False
15,31,False,False,False,False,True,False,False,False
16,31,False,False,False,False,True,False,False,False
17,31,False,False,False,False,True,False,False,False
18,31,False,False,False,False,True,False,False,False
19,31,False,False,False,False,True,False,False,False
20,31,False,False,False,False,True,False,False,False
21,31,True,False,False,True,False,False,False,False
22,31,True,False,True,False,False,False,False,False
23,31,True,False,True,False,False,False,False,False
24,31,True,False,True,False,False,False,False,False
25,31,True,True,False,False,False,False,False,False
26,31,False,False,False,False,True,False,False,False
27,31,False,False,False,False,True,False,False,False
28,31,False,False,False,False,True,False,False,False
29,31,False,False,False,False,True,False,False,False
30,31,False,False,False,False,True,False,False,False
31,31,False,False,False,False,True,False,False,False
32,31,False,False,False,False,True,False,False,False
33,31,False,False,False,False,True,False,False,False
34,31,False,False,False,False,True,False,False,False
35,31,False,False,False,False,True,False,False,False
36,31,False,False,False,False,True,False,False,False
37,31,False,False,False,False,True,False,False,False
38,31,False,False,False,False,True,False,False,False
39,31,False,False,False,False,True,False,False,False
40,31,False,True,False,True,False,False,False,False
41,31,False,False,True,True,False,False,False,False
42,31,True,True,False,False,False,False,False,False
43,31,False,True,False,True,False,False,False,False
44,31,True,True,False,True,False,False,False,False
45,31,True,False,False,True,False,False,False,False
46,31,False,True,True,False,False,False,False,False
47,31,False,False,True,True,False,False,False,False
48,31,True,False,True,False,False,False,False,False
49,31,True,True,False,False,False,False,False,False
0,32,False,False,True,True,False,False,False,False
1,32,True,False,True,False,False,False,False,False
2,32,False,True,True,False,False,False,False,False
3,32,False,True,False,True,False,False,False,False
4,32,True,False,False,True,False,False,False,False
5,32,True,True,False,False,False,False,False,False
6,32,False,False,True,True,False,False,False,False
7,32,False,True,True,False,False,False,False,False
8,32,False,True,False,True,False,False,False,False
9,32,False,False,True,True,False,False,False,False
10,32,False,True,True,False,False,False,False,False
11,32,True,False,False,True,False,False,False,False
12,32,True,True,False,False,False,False,False,False
13,32,False,True,False,True,False,False,False,False
14,32,False,False,False,False,True,False,False,False
15,32,False,False,False,False,True,False,False,False
16,32,False,False,False,False,True,False,False,False
17,32,False,False,False,False,True,False,False,False
18,32,False,False,False,False,True,False,False,False
19,32,False,False,False,False,True,False,False,False
20,32,False,False,False,False,True,False,False,False
21,32,False,True,False,True,False,False,False,False
22,32,False,False,False,False,True,False,False,False
23,32,False,False,False,False,True,False,False,False
24,32,False,False,False,False,True,False,False,False
25,32,False,True,False,True,False,False,False,False
26,32,False,False,False,False,True,False,False,False
27,32,False,False,False,False,True,False,False,False
28,32,False,False,False,False,True,False,False,False
29,32,False,False,False,False,True,False,False,False
30,32,False,False,False,False,True,False,False,False
31,32,False,False,False,False,True,False,False,False
32,32,False,False,False,False,True,False,False,False
33,32,False,False,False,False,True,False,False,False
34,32,False,False,False,False,True,False,False,False
35,32,False,False,False,False,True,False,False,False
36,32,False,False,False,False,True,False,False,False
37,32,False,False,False,False,True,False,False,False
38,32,False,False,False,False,True,False,False,False
39,32,False,False,False,False,True,False,False,False
40,32,False,True,False,True,False,False,False,False
41,32,True,False,False,True,False,False,False,False
42,32,False,True,True,False,False,False,False,False
43,32,False,False,True,True,False,False,False,False
44,32,False,True,False,False,False,False,False,False
45,32,False,False,True,True,False,False,False,False
46,32,True,False,True,False,False,False,False,False
47,32,True,True,False,False,False,False,False,False
48,32,True,False,False,True,False,False,False,False
49,32,False,True,True,False,False,False,False,False
0,33,True,False,False,True,False,False,False,False
1,33,True,False,True,False,False,False,False,False
2,33,True,True,False,False,False,False,False,False
3,33,False,True,False,True,False,False,False,False
4,33,False,True,True,True,False,False,False,False
5,33,False,False,True,True,False,False,False,False
6,33,True,False,False,False,False,False,False,False
7,33,True,True,False,False,False,False,False,False
8,33,False,False,True,True,False,False,False,False
9,33,True,False,True,False,False,False,False,False
10,33,True,True,False,False,False,False,False,False
11,33,False,True,False,True,False,False,False,False
12,33,False,False,True,True,False,False,False,False
13,33,False,True,True,False,False,False,False,False
14,33,False,False,False,False,True,False,False,False
15,33,False,False,False,False,True,False,False,False
16,33,False,False,False,False,True,False,False,False
17,33,False,False,False,False,True,False,False,False
18,33,False,False,False,False,True,False,False,False
19,33,False,False,False,False,True,False,False,False
20,33,True,False,False,True,False,False,False,False
21,33,False,True,True,False,False,False,False,False
22,33,False,False,False,False,True,False,False,False
23,33,False,False,False,False,True,False,False,False
24,33,False,False,False,False,True,False,False,False
25,33,False,True,False,True,False,False,False,False
26,33,False,False,False,False,True,False,False,False
27,33,False,False,False,False,True,False,False,False
28,33,False,False,False,False,True,False,False,False
29,33,False,False,False,False,True,False,False,False
30,33,False,False,False,False,True,False,False,False
31,33,False,False,False,False,True,False,False,False
32,33,False,False,False,False,True,False,False,False
33,33,False,False,False,False,True,False,False,False
34,33,False,False,False,False,True,False,False,False
35,33,False,False,False,False,True,False,False,False
36,33,False,False,False,False,True,False,False,False
37,33,False,False,False,False,True,False,False,False
38,33,False,False,False,False,True,False,False,False
39,33,False,False,False,False,True,False,False,False
40,33,False,True,False,True,False,False,False,False
41,33,False,True,False,True,False,False,False,False
42,33,True,False,False,True,False,False,False,False
43,33,True,True,False,False,False,False,False,False
44,33,False,False,True,True,False,False,False,False
45,33,True,True,False,False,False,False,False,False
46,33,True,False,False,True,False,False,False,False
47,33,False,True,True,False,False,False,False,False
48,33,False,False,True,True,False,False,False,False
49,33,True,True,False,False,False,False,False,False
0,34,False,False,True,True,False,False,False,False
1,34,True,True,False,False,False,False,False,False
2,34,False,False,True,True,False,False,False,False
3,34,False,False,True,False,False,False,False,False
4,34,True,False,True,False,False,False,False,False
5,34,True,False,True,False,False,False,False,False
6,34,False,True,True,False,False,False,False,False
7,34,False,False,True,True,False,False,False,False
8,34,True,False,True,False,False,False,False,False
9,34,True,True,False,False,False,False,False,False
10,34,False,False,True,True,False,False,False,False
11,34,False,False,True,False,False,False,False,False
12,34,True,True,False,False,False,False,False,False
13,34,True,False,False,True,False,False,False,False
14,34,True,True,False,False,False,False,False,False
15,34,False,False,False,False,True,False,False,False
16,34,False,False,False,False,True,False,False,False
17,34,True,False,False,True,False,False,False,False
18,34,True,True,False,False,False,False,False,False
19,34,True,False,False,True,False,False,False,False
20,34,False,True,True,False,False,False,False,False
21,34,False,False,False,False,True,False,False,False
22,34,False,False,False,False,True,False,False,False
23,34,False,False,False,False,True,False,False,False
24,34,True,False,False,True,False,False,False,False
25,34,False,True,True,False,False,False,False,False
26,34,False,False,False,False,True,False,False,False
27,34,False,False,False,False,True,False,False,False
28,34,True,False,False,True,False,False,False,False
29,34,True,True,False,False,False,False,False,False
30,34,False,False,False,False,True,False,False,False
31,34,False,False,False,False,True,False,False,False
32,34,False,False,False,False,True,False,False,False
33,34,False,False,False,False,True,False,False,False
34,34,False,False,False,False,True,False,False,False
35,34,False,False,False,False,True,False,False,False
36,34,False,False,False,False,True,False,False,False
37,34,False,False,False,False,True,False,False,False
38,34,False,False,False,False,True,False,False,False
39,34,True,False,False,True,False,False,False,False
40,34,False,True,True,False,False,False,False,False
41,34,False,True,False,True,False,False,False,False
42,34,False,True,False,True,False,False,False,False
43,34,False,False,True,True,False,False,False,False
44,34,True,False,True,False,False,False,False,False
45,34,False,True,True,False,False,False,False,False
46,34,False,True,False,True,False,False,False,False
47,34,True,False,False,True,False,False,False,False
48,34,True,False,True,False,False,False,False,False
49,34,False,True,True,False,False,False,False,False
0,35,False,False,False,False,True,False,False,False
1,35,False,True,False,True,False,False,False,False
2,35,True,False,False,True,False,False,False,False
3,35,True,False,True,False,False,False,False,False
4,35,True,True,False,False,False,False,False,False
5,35,False,False,False,False,True,False,False,False
6,35,False,False,False,False,True,False,False,False
7,35,False,False,False,False,True,False,False,False
8,35,False,False,False,False,True,False,False,False
9,35,False,False,True,True,False,False,False,False
10,35,True,True,False,False,False,False,False,False
11,35,True,True,False,True,False,False,False,False
12,35,False,True,False,True,False,False,False,False
13,35,False,True,False,True,False,False,False,False
14,35,False,True,False,True,False,False,False,False
15,35,False,False,False,False,True,False,False,False
16,35,True,False,False,True,False,False,False,False
17,35,False,True,False,False,False,False,False,False
18,35,False,True,True,True,False,False,False,False
19,35,False,True,False,True,False,False,False,False
20,35,True,False,False,True,False,False,False,False
21,35,True,True,False,False,False,False,False,False
22,35,True,False,False,True,False,False,False,False
23,35,True,False,True,False,False,False,False,False
24,35,False,True,True,False,False,False,False,False
25,35,False,False,False,False,True,False,False,False
26,35,False,False,False,False,True,False,False,False
27,35,True,False,False,True,False,False,False,False
28,35,False,True,True,False,False,False,False,False
29,35,False,True,False,True,False,False,False,False
30,35,False,False,False,False,True,False,False,False
31,35,False,False,False,False,True,False,False,False
32,35,False,False,False,False,True,False,False,False
33,35,False,False,False,False,True,False,False,False
34,35,False,False,False,False,True,False,False,False
35,35,False,False,False,False,True,False,False,False
36,35,False,False,False,False,True,False,False,False
37,35,False,False,False,False,True,False,False,False
38,35,False,False,False,False,True,False,False,False
39,35,False,False,True,True,False,False,False,False
40,35,True,True,False,False,False,False,False,False
41,35,False,True,False,True,False,False,False,False
42,35,False,False,True,True,False,False,False,False
43,35,True,True,False,False,False,False,False,False
44,35,False,False,False,False,True,False,False,False
45,35,False,False,False,False,True,False,False,False
46,35,False,False,True,True,False,False,False,False
47,35,False,True,True,False,False,False,False,False
48,35,False,False,False,False,True,False,False,False
49,35,False,False,False,False,True,False,False,False
0,36,False,False,False,False,True,False,False,False
1,36,False,True,False,True,False,False,False,False
2,36,False,False,True,True,False,False,False,False
3,36,True,True,True,False,False,False,False,False
4,36,False,True,False,True,False,False,False,False
5,36,False,False,False,False,True,False,False,False
6,36,False,False,False,False,True,False,False,False
7,36,False,False,False,False,True,False,False,False
8,36,False,False,False,False,True,False,False,False
9,36,False,False,False,False,True,False,False,False
10,36,False,True,False,True,False,False,False,False
11,36,False,False,True,True,False,False,False,False
12,36,False,True,False,False,False,False,False,False
13,36,False,True,True,True,False,False,False,False
14,36,False,False,True,True,False,False,False,False
15,36,True,False,True,False,False,False,False,False
16,36,False,True,True,False,False,False,False,False
17,36,False,True,False,True,False,False,False,False
18,36,True,False,False,True,False,False,False,False
19,36,False,True,True,False,False,False,False,False
20,36,False,True,False,True,False,False,False,False
21,36,False,True,False,True,False,False,False,False
22,36,False,True,False,True,False,False,False,False
23,36,False,False,False,False,True,False,False,False
24,36,True,False,False,True,False,False,False,False
25,36,True,False,True,False,False,False,False,False
26,36,True,False,True,False,False,False,False,False
27,36,False,False,True,False,False,False,False,False
28,36,True,True,True,False,False,False,False,False
29,36,False,True,False,True,False,False,False,False
30,36,False,False,False,False,True,False,False,False
31,36,False,False,False,False,True,False,False,False
32,36,False,False,False,False,True,False,False,False
33,36,False,False,False,False,True,False,False,False
34,36,False,False,False,False,True,False,False,False
35,36,False,False,False,False,True,False,False,False
36,36,False,False,False,False,True,False,False,False
37,36,False,False,False,False,True,False,False,False
38,36,False,False,False,False,True,False,False,False
39,36,False,False,False,False,True,False,False,False
40,36,False,False,True,True,False,False,False,False
41,36,False,True,True,False,False,False,False,False
42,36,True,False,False,True,False,False,False,False
43,36,False,True,True,False,False,False,False,False
44,36,False,False,False,False,True,False,False,False
45,36,False,False,False,False,True,False,False,False
46,36,False,False,False,False,True,False,False,False
47,36,False,False,False,False,True,False,False,False
48,36,False,False,False,False,True,False,False,False
49,36,False,False,False,False,True,False,False,False
0,37,False,False,False,False,True,False,False,False
1,37,False,False,True,True,False,False,False,False
2,37,True,True,False,False,False,False,False,False
3,37,True,False,False,True,False,False,False,False
4,37,False,True,True,False,False,False,False,False
5,37,False,False,False,False,True,False,False,False
6,37,False,False,False,False,True,False,False,False
7,37,False,False,False,False,True,False,False,False
8,37,False,False,False,False,True,False,False,False
9,37,False,False,False,False,True,False,False,False
10,37,False,True,False,True,False,False,False,False
11,37,False,False,False,False,True,False,False,False
12,37,False,False,True,True,False,False,False,False
13,37,True,False,True,False,False,False,False,False
14,37,True,True,False,False,False,False,False,False
15,37,False,False,False,False,True,False,False,False
16,37,False,False,False,False,True,False,False,False
17,37,False,True,False,True,False,False,False,False
18,37,False,False,True,True,False,False,False,False
19,37,True,False,True,False,False,False,False,False
20,37,False,True,True,False,False,False,False,False
21,37,False,True,False,True,False,False,False,False
22,37,False,False,True,True,False,False,False,False
23,37,True,False,True,False,False,False,False,False
24,37,False,True,True,False,False,False,False,False
25,37,False,False,False,False,True,False,False,False
26,37,True,False,False,True,False,False,False,False
27,37,True,False,True,False,False,False,False,False
28,37,True,False,True,False,False,False,False,False
29,37,False,True,True,False,False,False,False,False
30,37,False,False,False,False,True,False,False,False
31,37,False,False,False,False,True,False,False,False
32,37,False,False,False,False,True,False,False,False
33,37,False,False,False,False,True,False,False,False
34,37,False,False,False,False,True,False,False,False
35,37,False,False,False,False,True,False,False,False
36,37,False,False,False,False,True,False,False,False
37,37,False,False,False,False,True,False,False,False
38,37,True,False,False,True,False,False,False,False
39,37,True,True,False,False,False,False,False,False
40,37,False,False,False,False,True,False,False,False
41,37,False,False,False,False,True,False,False,False
42,37,False,True,False,True,False,False,False,False
43,37,False,False,False,False,True,False,False,False
44,37,False,False,False,False,True,False,False,False
45,37,False,False,False,False,True,False,False,False
46,37,False,False,False,False,True,False,False,False
47,37,False,False,False,False,True,False,False,False
48,37,False,False,False,False,True,False,False,False
49,37,False,False,False,False,True,False,False,False
0,38,True,False,False,True,False,False,False,False
1,38,True,False,True,False,False,False,False,False
2,38,False,True,True,False,False,False,False,False
3,38,False,False,True,True,False,False,False,False
4,38,True,True,False,False,False,False,False,False
5,38,False,False,False,False,True,False,False,False
6,38,False,False,False,False,True,False,False,False
7,38,False,False,False,False,True,False,False,False
8,38,False,False,False,False,True,False,False,False
9,38,True,False,False,True,False,False,False,False
10,38,False,True,True,False,False,False,False,False
11,38,False,False,False,False,True,False,False,False
12,38,False,False,False,False,True,False,False,False
13,38,False,False,False,False,True,False,False,False
14,38,False,False,True,True,False,False,False,False
15,38,True,True,False,False,False,False,False,False
16,38,True,False,False,True,False,False,False,False
17,38,False,True,True,False,False,False,False,False
18,38,True,False,False,True,False,False,False,False
19,38,True,False,True,False,False,False,False,False
20,38,True,False,True,False,False,False,False,False
21,38,False,True,True,False,False,False,False,False
22,38,True,False,False,True,False,False,False,False
23,38,True,False,True,False,False,False,False,False
24,38,True,False,True,False,False,False,False,False
25,38,True,True,False,False,False,False,False,False
26,38,False,True,False,True,False,False,False,False
27,38,False,False,False,False,True,False,False,False
28,38,True,False,False,True,False,False,False,False
29,38,True,False,True,False,False,False,False,False
30,38,True,False,True,False,False,False,False,False
31,38,True,False,True,False,False,False,False,False
32,38,True,True,False,False,False,False,False,False
33,38,True,False,False,True,False,False,False,False
34,38,True,False,True,False,False,False,False,False
35,38,True,False,True,False,False,False,False,False
36,38,True,False,True,False,False,False,False,False
37,38,True,True,False,False,False,False,False,False
38,38,False,True,False,True,False,False,False,False
39,38,False,False,True,True,False,False,False,False
40,38,True,True,False,False,False,False,False,False
41,38,True,False,False,True,False,False,False,False
42,38,False,True,True,False,False,False,False,False
43,38,False,False,False,False,True,False,False,False
44,38,False,False,False,False,True,False,False,False
45,38,False,False,False,False,True,False,False,False
46,38,False,False,False,False,True,False,False,False
47,38,False,False,False,False,True,False,False,False
48,38,False,False,False,False,True,False,False,False
49,38,False,False,False,False,True,False,False,False
0,39,False,False,True,True,False,False,False,False
1,39,True,True,False,False,False,False,False,False
2,39,False,False,False,False,True,False,False,False
3,39,True,False,False,True,False,False,False,False
4,39,False,False,True,False,False,False,False,False
5,39,True,True,False,False,False,False,False,False
6,39,True,False,False,True,False,False,False,False
7,39,True,True,False,False,False,False,False,False
8,39,False,False,False,False,True,False,False,False
9,39,False,True,False,True,False,False,False,False
10,39,False,False,False,False,True,False,False,False
11,39,True,False,False,True,False,False,False,False
12,39,True,True,False,False,False,False,False,False
13,39,False,False,False,False,True,False,False,False
14,39,True,False,False,True,False,False,False,False
15,39,False,True,True,False,False,False,False,False
16,39,False,False,True,True,False,False,False,False
17,39,True,True,False,False,False,False,False,False
18,39,False,False,True,True,False,False,False,False
19,39,True,False,True,False,False,False,False,False
20,39,True,False,True,False,False,False,False,False
21,39,True,True,False,False,False,False,False,False
22,39,False,False,True,True,False,False,False,False
23,39,True,False,True,False,False,False,False,False
24,39,True,True,False,False,False,False,False,False
25,39,False,False,True,True,False,False,False,False
26,39,False,False,True,False,False,False,False,False
27,39,True,True,False,False,False,False,False,False
28,39,False,False,True,True,False,False,False,False
29,39,True,False,True,False,False,False,False,False
30,39,True,True,False,False,False,False,False,False
31,39,True,False,False,True,False,False,False,False
32,39,False,True,True,False,False,False,False,False
33,39,False,True,False,True,False,False,False,False
34,39,False,False,False,False,True,False,False,False
35,39,False,False,False,False,True,False,False,False
36,39,False,False,False,False,True,False,False,False
37,39,False,False,True,True,False,False,False,False
38,39,False,True,True,False,False,False,False,False
39,39,True,True,False,True,False,False,False,False
40,39,False,True,False,True,False,False,False,False
41,39,False,False,True,True,False,False,False,False
42,39,True,True,False,False,False,False,False,False
43,39,False,False,False,False,True,False,False,False
44,39,False,False,False,False,True,False,False,False
45,39,False,False,False,False,True,False,False,False
46,39,False,False,False,False,True,False,False,False
47,39,False,False,False,False,True,False,False,False
48,39,False,False,False,False,True,False,False,False
49,39,False,False,False,False,True,False,False,False
0,40,True,True,False,True,False,False,False,False
1,40,False,False,False,True,False,False,False,False
2,40,True,True,False,False,False,False,False,False
3,40,False,True,False,True,False,False,False,False
4,40,True,False,False,True,False,False,False,False
5,40,False,True,True,False,False,False,False,False
6,40,False,True,False,True,False,False,False,False
7,40,False,False,True,True,False,False,False,False
8,40,True,True,False,False,False,False,False,False
9,40,False,True,False,True,False,False,False,False
10,40,True,False,False,True,False,False,False,False
11,40,False,True,True,False,False,False,False,False
12,40,False,False,True,True,False,False,False,False
13,40,True,False,True,False,False,False,False,False
14,40,False,True,True,False,False,False,False,False
15,40,True,False,False,True,False,False,False,False
16,40,True,False,True,False,False,False,False,False
17,40,False,True,True,False,False,False,False,False
18,40,True,False,False,True,False,False,False,False
19,40,True,False,True,False,False,False,False,False
20,40,True,True,True,False,False,False,False,False
21,40,False,True,False,True,False,False,False,False
22,40,True,False,False,True,False,False,False,False
23,40,True,True,True,False,False,False,False,False
24,40,False,False,True,True,False,False,False,False
25,40,True,False,True,False,False,False,False,False
26,40,True,True,False,False,False,False,False,False
27,40,False,True,False,True,False,False,False,False
28,40,True,False,True,True,False,False,False,False
29,40,True,True,False,False,False,False,False,False
30,40,False,True,False,True,False,False,False,False
31,40,False,True,False,True,False,False,False,False
32,40,True,False,False,True,False,False,False,False
33,40,False,True,True,False,False,False,False,False
34,40,True,False,False,True,False,False,False,False
35,40,True,False,True,False,False,False,False,False
36,40,True,True,False,False,False,False,False,False
37,40,True,False,False,True,False,False,False,False
38,40,True,False,True,False,False,False,False,False
39,40,False,True,True,False,False,False,False,False
40,40,False,False,False,True,False,False,False,False
41,40,True,False,True,False,False,False,False,False
42,40,False,True,True,False,False,False,False,False
43,40,False,False,False,False,True,False,False,False
44,40,False,False,False,False,True,False,False,False
45,40,False,False,False,False,True,False,False,False
46,40,False,False,False,False,True,False,False,False
47,40,False,False,False,False,True,False,False,False
48,40,False,False,False,False,True,False,False,False
49,40,False,False,False,False,True,False,False,False
0,41,False,True,False,True,False,False,False,False
1,41,False,True,True,True,False,False,False,False
2,41,False,True,False,True,False,False,False,False
3,41,False,True,True,True,False,False,False,False
4,41,False,False,True,True,False,False,False,False
5,41,True,True,False,False,False,False,False,False
6,41,False,False,True,True,False,False,False,False
7,41,True,True,False,False,False,False,False,False
8,41,False,False,True,True,False,False,False,False
9,41,False,True,True,False,False,False,False,False
10,41,False,True,False,True,False,False,False,False
11,41,True,False,False,True,False,False,False,False
12,41,True,True,False,False,False,False,False,False
13,41,True,False,False,True,False,False,False,False
14,41,True,True,False,False,False,False,False,False
15,41,False,False,True,True,False,False,False,False
16,41,True,True,False,False,False,False,False,False
17,41,True,False,False,True,False,False,False,False
18,41,False,False,True,False,False,False,False,False
19,41,True,False,True,False,False,False,False,False
20,41,True,False,False,False,False,False,False,False
21,41,False,True,True,False,False,False,False,False
22,41,False,False,True,True,False,False,False,False
23,41,True,False,False,False,False,False,False,False
24,41,True,True,False,False,False,False,False,False
25,41,True,True,False,True,False,False,False,False
26,41,False,True,False,True,False,False,False,False
27,41,False,False,True,True,False,False,False,False
28,41,True,False,True,False,False,False,False,False
29,41,False,True,False,False,False,False,False,False
30,41,False,True,False,True,False,False,False,False
31,41,False,True,False,True,False,False,False,False
32,41,False,False,True,True,False,False,False,False
33,41,True,True,False,False,False,False,False,False
34,41,False,False,True,True,False,False,False,False
35,41,True,True,False,False,False,False,False,False
36,41,False,True,False,True,False,False,False,False
37,41,False,True,False,True,False,False,False,False
38,41,True,False,False,True,False,False,False,False
39,41,True,True,False,False,False,False,False,False
40,41,False,False,True,True,False,False,False,False
41,41,True,False,True,False,False,False,False,False
42,41,True,True,False,False,False,False,False,False
43,41,False,False,False,False,True,False,False,False
44,41,False,False,False,False,True,False,False,False
45,41,False,False,False,False,True,False,False,False
46,41,False,False,False,False,True,False,False,False
47,41,False,False,False,False,True,False,False,False
48,41,False,False,False,False,True,False,False,False
49,41,False,False,False,False,True,False,False,False
0,42,False,True,False,True,False,False,False,False
1,42,True,False,False,True,False,False,False,False
2,42,False,False,True,False,False,False,False,False
3,42,True,False,False,False,False,False,False,False
4,42,True,True,True,False,False,False,False,False
5,42,False,True,False,True,False,False,False,False
6,42,True,False,False,True,False,False,False,False
7,42,False,True,True,False,False,False,False,False
8,42,True,False,True,True,False,False,False,False
9,42,True,True,False,False,False,False,False,False
10,42,False,False,True,True,False,False,False,False
11,42,False,True,True,False,False,False,False,False
12,42,False,False,True,True,False,False,False,False
13,42,False,True,True,False,False,False,False,False
14,42,False,False,True,True,False,False,False,False
15,42,True,True,False,False,False,False,False,False
16,42,False,False,False,True,False,False,False,False
17,42,False,False,True,False,False,False,False,False
18,42,True,True,True,False,False,False,False,False
19,42,True,False,False,True,False,False,False,False
20,42,False,True,True,False,False,False,False,False
21,42,True,False,False,True,False,False,False,False
22,42,True,True,False,False,False,False,False,False
23,42,False,True,False,True,False,False,False,False
24,42,False,False,True,True,False,False,False,False
25,42,False,True,True,False,False,False,False,False
26,42,False,True,False,True,False,False,False,False
27,42,True,False,False,True,False,False,False,False
28,42,True,True,False,False,False,False,False,False
29,42,False,True,False,True,False,False,False,False
30,42,False,True,False,True,False,False,False,False
31,42,False,False,True,True,False,False,False,False
32,42,True,True,True,False,False,False,False,False
33,42,False,False,True,True,False,False,False,False
34,42,True,True,False,False,False,False,False,False
35,42,False,True,False,True,False,False,False,False
36,42,False,False,True,True,False,False,False,False
37,42,False,False,True,False,False,False,False,False
38,42,False,True,True,False,False,False,False,False
39,42,False,False,True,True,False,False,False,False
40,42,True,True,False,False,False,False,False,False
41,42,False,False,False,False,True,False,False,False
42,42,False,True,False,True,False,False,False,False
43,42,True,False,False,True,False,False,False,False
44,42,True,True,False,False,False,False,False,False
45,42,False,False,False,False,True,False,False,False
46,42,False,False,False,False,True,False,False,False
47,42,False,False,False,False,True,False,False,False
48,42,False,False,False,False,True,False,False,False
49,42,False,False,False,False,True,False,False,False
0,43,False,True,False,True,False,False,False,False
1,43,False,False,True,True,False,False,False,False
2,43,True,True,False,False,False,False,False,False
3,43,False,False,True,True,False,False,False,False
4,43,True,True,False,False,False,False,False,False
5,43,False,True,False,True,False,False,False,False
6,43,False,True,False,True,False,False,False,False
7,43,True,False,False,True,False,False,False,False
8,43,True,True,False,False,False,False,False,False
9,43,False,False,False,True,False,False,False,False
10,43,True,False,True,False,False,False,False,False
11,43,True,True,False,False,False,False,False,False
12,43,False,False,False,False,True,False,False,False
13,43,True,False,False,True,False,False,False,False
14,43,True,False,True,False,False,False,False,False
15,43,False,True,True,False,False,False,False,False
16,43,False,True,False,True,False,False,False,False
17,43,True,False,False,True,False,False,False,False
18,43,True,True,False,False,False,False,False,False
19,43,False,True,False,True,False,False,False,False
20,43,True,False,False,True,False,False,False,False
21,43,False,True,True,False,False,False,False,False
22,43,False,False,True,True,False,False,False,False
23,43,False,False,True,False,False,False,False,False
24,43,True,True,False,False,False,False,False,False
25,43,True,False,False,True,False,False,False,False
26,43,False,True,True,False,False,False,False,False
27,43,False,True,False,True,False,False,False,False
28,43,False,True,False,True,False,False,False,False
29,43,False,True,False,True,False,False,False,False
30,43,False,True,False,True,False,False,False,False
31,43,True,False,False,True,False,False,False,False
32,43,True,False,True,False,False,False,False,False
33,43,True,False,True,False,False,False,False,False
34,43,False,True,True,False,False,False,False,False
35,43,False,True,False,True,False,False,False,False
36,43,True,False,False,True,False,False,False,False
37,43,True,False,True,False,False,False,False,False
38,43,True,True,False,False,False,False,False,False
39,43,True,False,True,True,False,False,False,False
40,43,False,True,True,False,False,False,False,False
41,43,True,False,False,True,False,False,False,False
42,43,False,True,True,False,False,False,False,False
43,43,False,True,False,True,False,False,False,False
44,43,False,True,False,True,False,False,False,False
45,43,False,False,False,False,True,False,False,False
46,43,False,False,False,False,True,False,False,False
47,43,False,False,False,False,True,False,False,False
48,43,False,False,False,False,True,False,False,False
49,43,False,False,False,False,True,False,False,False
0,44,False,False,False,True,False,False,False,False
1,44,True,True,True,False,False,False,False,False
2,44,False,False,True,True,False,False,False,False
3,44,True,True,False,False,False,False,False,False
4,44,False,False,True,True,False,False,False,False
5,44,False,True,True,False,False,False,False,False
6,44,False,False,True,True,False,False,False,False
7,44,False,True,True,False,False,False,False,False
8,44,False,True,False,True,False,False,False,False
9,44,False,True,False,True,False,False,False,False
10,44,True,True,False,True,False,False,False,False
11,44,False,False,False,True,False,False,False,False
12,44,True,True,False,False,False,False,False,False
13,44,False,True,False,True,False,False,False,False
14,44,True,False,False,True,False,False,False,False
15,44,True,True,False,False,False,False,False,False
16,44,False,True,False,True,False,False,False,False
17,44,False,True,False,True,False,False,False,False
18,44,False,True,False,True,False,False,False,False
19,44,False,True,True,True,False,False,False,False
20,44,False,True,False,True,False,False,False,False
21,44,True,False,False,True,False,False,False,False
22,44,True,False,True,False,False,False,False,False
23,44,True,False,True,False,False,False,False,False
24,44,False,True,False,False,False,False,False,False
25,44,False,False,True,True,False,False,False,False
26,44,True,True,False,False,False,False,False,False
27,44,False,True,False,True,False,False,False,False
28,44,False,True,False,True,False,False,False,False
29,44,False,False,True,True,False,False,False,False
30,44,False,True,False,False,False,False,False,False
31,44,False,True,False,True,False,False,False,False
32,44,True,False,True,True,False,False,False,False
33,44,True,False,True,False,False,False,False,False
34,44,True,True,False,False,False,False,False,False
35,44,False,False,True,True,False,False,False,False
36,44,False,True,True,False,False,False,False,False
37,44,True,False,False,True,False,False,False,False
38,44,False,True,True,False,False,False,False,False
39,44,True,False,False,True,False,False,False,False
40,44,True,True,False,False,False,False,False,False
41,44,False,False,True,True,False,False,False,False
42,44,True,False,True,False,False,False,False,False
43,44,False,True,True,False,False,False,False,False
44,44,False,True,False,True,False,False,False,False
45,44,False,False,False,False,True,False,False,False
46,44,False,False,False,False,True,False,False,False
47,44,False,False,False,False,True,False,False,False
48,44,False,False,False,False,True,False,False,False
49,44,False,False,False,False,True,False,False,False
0,45,False,True,False,True,False,False,False,False
1,45,True,False,False,True,False,False,False,False
2,45,True,True,False,False,False,False,False,False
3,45,False,False,True,True,False,False,False,False
4,45,True,False,True,False,False,False,False,False
5,45,True,False,True,False,False,False,False,False
6,45,True,True,False,False,False,False,False,False
7,45,False,False,False,False,True,False,False,False
8,45,False,False,True,True,False,False,False,False
9,45,False,True,True,False,False,False,False,False
10,45,False,False,True,True,False,False,False,False
11,45,False,True,True,False,False,False,False,False
12,45,False,True,False,True,False,False,False,False
13,45,False,False,True,True,False,False,False,False
14,45,False,True,True,False,False,False,False,False
15,45,False,True,False,True,False,False,False,False
16,45,False,True,True,True,False,False,False,False
17,45,False,True,False,True,False,False,False,False
18,45,False,False,True,True,False,False,False,False
19,45,True,False,True,False,False,False,False,False
20,45,False,True,True,False,False,False,False,False
21,45,False,False,True,True,False,False,False,False
22,45,True,True,False,False,False,False,False,False
23,45,True,True,False,True,False,False,False,False
24,45,False,False,True,True,False,False,False,False
25,45,True,False,True,False,False,False,False,False
26,45,False,True,True,False,False,False,False,False
27,45,False,True,False,True,False,False,False,False
28,45,False,False,True,True,False,False,False,False
29,45,True,False,True,False,False,False,False,False
30,45,False,True,False,False,False,False,False,False
31,45,False,True,False,True,False,False,False,False
32,45,True,False,False,True,False,False,False,False
33,45,True,False,True,False,False,False,False,False
34,45,False,False,True,False,False,False,False,False
35,45,True,False,True,False,False,False,False,False
36,45,True,False,True,False,False,False,False,False
37,45,False,False,True,False,False,False,False,False
38,45,True,False,True,False,False,False,False,False
39,45,False,True,True,False,False,False,False,False
40,45,False,True,False,True,False,False,False,False
41,45,False,False,False,False,True,False,False,False
42,45,False,False,False,False,True,False,False,False
43,45,False,False,False,False,True,False,False,False
44,45,False,False,True,True,False,False,False,False
45,45,True,True,False,False,False,False,False,False
46,45,False,False,False,False,True,False,False,False
47,45,False,False,False,False,True,False,False,False
48,45,False,False,False,False,True,False,False,False
49,45,False,False,False,False,True,False,False,False
0,46,False,False,True,True,False,False,False,False
1,46,False,True,True,False,False,False,False,False
2,46,False,True,False,True,False,False,False,False
3,46,False,False,False,False,True,False,False,False
4,46,False,False,False,False,True,False,False,False
5,46,False,False,False,False,True,False,False,False
6,46,False,True,False,True,False,False,False,False
7,46,False,False,False,False,True,False,False,False
8,46,False,False,False,False,True,False,False,False
9,46,False,False,False,False,True,False,False,False
10,46,False,False,False,False,True,False,False,False
11,46,False,False,False,False,True,False,False,False
12,46,False,False,True,True,False,False,False,False
13,46,True,False,True,False,False,False,False,False
14,46,True,True,False,False,False,False,False,False
15,46,False,False,True,True,False,False,False,False
16,46,True,True,False,False,False,False,False,False
17,46,False,True,False,True,False,False,False,False
18,46,True,False,False,True,False,False,False,False
19,46,True,True,False,False,False,False,False,False
20,46,True,False,False,True,False,False,False,False
21,46,True,False,True,False,False,False,False,False
22,46,False,True,True,False,False,False,False,False
23,46,False,False,False,True,False,False,False,False
24,46,True,False,True,False,False,False,False,False
25,46,True,True,True,False,False,False,False,False
26,46,True,False,False,True,False,False,False,False
27,46,False,True,True,False,False,False,False,False
28,46,True,False,False,True,False,False,False,False
29,46,True,False,True,False,False,False,False,False
30,46,False,True,True,False,False,False,False,False
31,46,False,True,False,True,False,False,False,False
32,46,False,False,True,True,False,False,False,False
33,46,True,False,True,False,False,False,False,False
34,46,True,True,True,False,False,False,False,False
35,46,True,False,False,True,False,False,False,False
36,46,True,True,False,False,False,False,False,False
37,46,True,False,True,True,False,False,False,False
38,46,True,True,False,False,False,False,False,False
39,46,True,False,False,True,False,False,False,False
40,46,False,True,True,False,False,False,False,False
41,46,False,False,False,False,True,False,False,False
42,46,False,False,False,False,True,False,False,False
43,46,True,False,False,True,False,False,False,False
44,46,True,False,True,False,False,False,False,False
45,46,False,True,True,False,False,False,False,False
46,46,False,False,False,False,True,False,False,False
47,46,False,False,False,False,True,False,False,False
48,46,False,False,False,False,True,False,False,False
49,46,False,False,False,False,True,False,False,False
0,47,False,False,False,False,True,False,False,False
1,47,True,False,False,True,False,False,False,False
2,47,False,True,True,False,False,False,False,False
3,47,False,False,False,False,True,False,False,False
4,47,False,False,False,False,True,False,False,False
5,47,False,False,False,False,True,False,False,False
6,47,False,True,False,True,False,False,False,False
7,47,False,False,False,False,True,False,False,False
8,47,False,False,False,False,True,False,False,False
9,47,False,False,False,False,True,False,False,False
10,47,False,False,False,False,True,False,False,False
11,47,True,False,False,True,False,False,False,False
12,47,True,False,True,False,False,False,False,False
13,47,True,False,True,False,False,False,False,False
14,47,False,True,True,False,False,False,False,False
15,47,True,False,False,True,False,False,False,False
16,47,False,True,False,False,False,False,False,False
17,47,False,True,False,True,False,False,False,False
18,47,False,True,False,True,False,False,False,False
19,47,False,True,False,True,False,False,False,False
20,47,False,True,False,True,False,False,False,False
21,47,True,False,False,True,False,False,False,False
22,47,True,False,True,False,False,False,False,False
23,47,False,False,True,False,False,False,False,False
24,47,True,True,False,False,False,False,False,False
25,47,True,False,False,True,False,False,False,False
26,47,False,True,True,False,False,False,False,False
27,47,False,False,False,False,True,False,False,False
28,47,False,False,True,True,False,False,False,False
29,47,True,True,False,False,False,False,False,False
30,47,True,False,False,True,False,False,False,False
31,47,False,True,True,False,False,False,False,False
32,47,True,False,False,True,False,False,False,False
33,47,True,True,False,False,False,False,False,False
34,47,True,False,False,True,False,False,False,False
35,47,False,True,True,False,False,False,False,False
36,47,False,False,True,True,False,False,False,False
37,47,True,True,False,False,False,False,False,False
38,47,False,True,False,True,False,False,False,False
39,47,False,True,False,True,False,False,False,False
40,47,True,False,False,True,False,False,False,False
41,47,True,False,True,False,False,False,False,False
42,47,True,False,True,False,False,False,False,False
43,47,False,True,True,False,False,False,False,False
44,47,False,False,False,False,True,False,False,False
45,47,False,False,False,False,True,False,False,False
46,47,False,False,False,False,True,False,False,False
47,47,False,False,False,False,True,False,False,False
48,47,False,False,False,False,True,False,False,False
49,47,False,False,False,False,True,False,False,False
0,48,False,False,False,False,True,False,False,False
1,48,False,True,False,True,False,False,False,False
2,48,True,False,False,True,False,False,False,False
3,48,True,False,True,False,False,False,False,False
4,48,True,False,True,False,False,False,False,False
5,48,True,False,True,False,False,False,False,False
6,48,False,True,True,False,False,False,False,False
7,48,False,False,False,False,True,False,False,False
8,48,False,False,False,False,True,False,False,False
9,48,False,False,False,False,True,False,False,False
10,48,False,False,False,False,True,False,False,False
11,48,False,True,False,True,False,False,False,False
12,48,True,False,False,True,False,False,False,False
13,48,True,False,True,False,False,False,False,False
14,48,True,False,True,False,False,False,False,False
15,48,False,True,True,False,False,False,False,False
16,48,False,True,False,True,False,False,False,False
17,48,False,True,True,True,False,False,False,False
18,48,False,True,False,True,False,False,False,False
19,48,False,True,False,True,False,False,False,False
20,48,False,True,True,True,False,False,False,False
21,48,False,False,True,True,False,False,False,False
22,48,True,True,True,False,False,False,False,False
23,48,True,False,False,True,False,False,False,False
24,48,False,True,True,False,False,False,False,False
25,48,False,False,False,True,False,False,False,False
26,48,True,False,True,False,False,False,False,False
27,48,True,False,True,False,False,False,False,False
28,48,True,True,False,False,False,False,False,False
29,48,False,True,False,True,False,False,False,False
30,48,False,False,True,True,False,False,False,False
31,48,True,False,True,False,False,False,False,False
32,48,False,True,True,False,False,False,False,False
33,48,False,False,True,True,False,False,False,False
34,48,False,True,True,False,False,False,False,False
35,48,True,False,False,True,False,False,False,False
36,48,True,True,True,False,False,False,False,False
37,48,False,False,False,True,False,False,False,False
38,48,False,False,True,False,False,False,False,False
39,48,False,True,True,False,False,False,False,False
40,48,False,False,True,True,False,False,False,False
41,48,True,False,True,False,False,False,False,False
42,48,True,True,False,False,False,False,False,False
43,48,False,False,False,False,True,False,False,False
44,48,False,False,False,False,True,False,False,False
45,48,False,False,False,False,True,False,False,False
46,48,False,False,False,False,True,False,False,False
47,48,False,False,False,False,True,False,False,False
48,48,False,False,False,False,True,False,False,False
49,48,False,False,False,False,True,False,False,False
0,49,False,False,False,False,True,False,False,False
1,49,False,False,True,True,False,False,False,False
2,49,False,True,True,False,False,False,False,False
3,49,False,False,False,False,True,False,False,False
4,49,False,False,False,False,True,False,False,False
5,49,False,False,False,False,True,False,False,False
6,49,False,False,False,False,True,False,False,False
7,49,False,False,False,False,True,False,False,False
8,49,False,False,False,False,True,False,False,False
9,49,False,False,False,False,True,False,False,False
10,49,False,False,False,False,True,False,False,False
11,49,False,False,True,True,False,False,False,False
12,49,False,True,True,False,False,False,False,False
13,49,False,False,False,False,True,False,False,False
14,49,False,False,False,False,True,False,False,False
15,49,False,False,False,False,True,False,False,False
16,49,False,False,True,True,False,False,False,False
17,49,True,False,True,False,False,False,False,False
18,49,False,True,True,False,False,False,False,False
19,49,False,False,True,True,False,False,False,False
20,49,True,False,True,False,False,False,False,False
21,49,True,False,True,False,False,False,False,False
22,49,True,False,True,False,False,False,False,False
23,49,False,False,True,False,False,False,False,False
24,49,True,False,True,False,False,False,False,False
25,49,False,True,True,False,False,False,False,False
26,49,True,False,True,True,False,False,False,False
27,49,True,False,True,False,False,False,False,False
28,49,False,True,True,False,False,False,False,False
29,49,False,False,True,True,False,False,False,False
30,49,True,False,True,False,False,False,False,False
31,49,True,False,True,False,False,False,False,False
32,49,True,False,True,False,False,False,False,False
33,49,True,False,True,False,False,False,False,False
34,49,True,True,True,False,False,False,False,False
35,49,False,False,True,True,False,False,False,False
36,49,True,False,True,False,False,False,False,False
37,49,False,True,True,False,False,False,False,False
38,49,True,False,True,True,False,False,False,False
39,49,True,False,True,False,False,False,False,False
40,49,True,False,True,False,False,False,False,False
41,49,True,False,True,False,False,False,False,False
42,49,False,True,True,False,False,False,False,False
43,49,False,False,False,False,True,False,False,False
44,49,False,False,False,False,True,False,False,False
45,49,False,False,False,False,True,False,False,False
46,49,False,False,False,False,True,False,False,False
47,49,False,False,False,False,True,False,False,False
48,49,False,False,False,False,True,False,False,False
49,49,False,False,False,False,True,False,False,True
